gruppo,nomeGruppo,senatore,nome,cognome,inizio,fine,carica
http://dati.senato.it/gruppo/33,Lega-Salvini Premier,http://dati.senato.it/senatore/29292,Stefano,Borghesi,2018-03-27,2018-06-19,Tesoriere
http://dati.senato.it/gruppo/33,Lega-Salvini Premier,http://dati.senato.it/senatore/32590,Lucia,Borgonzoni,2018-03-27,2018-06-19,Vicepresidente
http://dati.senato.it/gruppo/33,Lega-Salvini Premier,http://dati.senato.it/senatore/29059,Stefano,Candiani,2018-03-27,2018-06-19,Vicepresidente Vicario
http://dati.senato.it/gruppo/33,Lega-Salvini Premier,http://dati.senato.it/senatore/29067,Gian Marco,Centinaio,2018-03-27,2018-06-19,Presidente
http://dati.senato.it/gruppo/33,Lega-Salvini Premier,http://dati.senato.it/senatore/32706,Massimiliano,Romeo,2018-03-27,2018-06-19,Membro
http://dati.senato.it/gruppo/33,Lega-Salvini Premier,http://dati.senato.it/senatore/32716,Christian,Solinas,2018-03-27,2018-06-19,Vicepresidente
http://dati.senato.it/gruppo/33,Lega-Salvini Premier,http://dati.senato.it/senatore/29185,Erika,Stefani,2018-03-27,2018-06-19,Vicepresidente
http://dati.senato.it/gruppo/33,Lega-Salvini Premier,http://dati.senato.it/senatore/30915,Paolo,Tosato,2018-03-27,2018-06-19,Membro
http://dati.senato.it/gruppo/33,Lega-Salvini Premier,http://dati.senato.it/senatore/23015,Enrico,Montani,2018-03-27,2018-07-10,Membro
http://dati.senato.it/gruppo/33,Lega-Salvini Premier,http://dati.senato.it/senatore/32697,Stefania,Pucciarelli,2018-03-27,2018-07-10,Membro
http://dati.senato.it/gruppo/33,Lega-Salvini Premier,http://dati.senato.it/senatore/32627,Antonella,Faggi,2018-03-27,2018-11-19,Membro
http://dati.senato.it/gruppo/33,Lega-Salvini Premier,http://dati.senato.it/senatore/22717,Anna Cinzia,Bonfrisco,2018-03-27,2019-07-01,Membro
http://dati.senato.it/gruppo/33,Lega-Salvini Premier,http://dati.senato.it/senatore/25407,Matteo,Salvini,2018-03-27,2019-07-31,Membro
http://dati.senato.it/gruppo/33,Lega-Salvini Premier,http://dati.senato.it/senatore/32711,Maria,Saponara,2018-03-27,2019-08-04,Membro
http://dati.senato.it/gruppo/33,Lega-Salvini Premier,http://dati.senato.it/senatore/32720,Donatella,Tesei,2018-03-27,2019-12-02,Membro
http://dati.senato.it/gruppo/33,Lega-Salvini Premier,http://dati.senato.it/senatore/25565,Claudio,Barbaro,2018-03-27,2020-10-12,Membro
http://dati.senato.it/gruppo/33,Lega-Salvini Premier,http://dati.senato.it/senatore/32712,Paolo,Saviane,2018-03-27,2021-08-20,Membro
http://dati.senato.it/gruppo/33,Lega-Salvini Premier,http://dati.senato.it/senatore/32713,Rosellina,Sbrana,2018-03-27,2021-11-17,Membro
http://dati.senato.it/gruppo/33,Lega-Salvini Premier,http://dati.senato.it/senatore/32748,William,De Vecchis,2018-03-27,2022-02-16,Membro
http://dati.senato.it/gruppo/33,Lega-Salvini Premier,http://dati.senato.it/senatore/29039,Paolo,Arrigoni,2018-03-27,2022-10-12,Membro
http://dati.senato.it/gruppo/33,Lega-Salvini Premier,http://dati.senato.it/senatore/19244,Luigi,Augussori,2018-03-27,2022-10-12,Membro
http://dati.senato.it/gruppo/33,Lega-Salvini Premier,http://dati.senato.it/senatore/32582,Alberto,Bagnai,2018-03-27,2022-10-12,Membro
http://dati.senato.it/gruppo/33,Lega-Salvini Premier,http://dati.senato.it/senatore/32586,Giorgio Maria,Bergesio,2018-03-27,2022-10-12,Membro
http://dati.senato.it/gruppo/33,Lega-Salvini Premier,http://dati.senato.it/senatore/22877,Giulia,Bongiorno,2018-03-27,2022-10-12,Membro
http://dati.senato.it/gruppo/33,Lega-Salvini Premier,http://dati.senato.it/senatore/32591,Simone,Bossi,2018-03-27,2022-10-12,Membro
http://dati.senato.it/gruppo/33,Lega-Salvini Premier,http://dati.senato.it/senatore/356,Umberto,Bossi,2018-03-27,2022-10-12,Membro
http://dati.senato.it/gruppo/33,Lega-Salvini Premier,http://dati.senato.it/senatore/32593,Luca,Briziarelli,2018-03-27,2022-10-12,Membro
http://dati.senato.it/gruppo/33,Lega-Salvini Premier,http://dati.senato.it/senatore/32743,Francesco,Bruzzone,2018-03-27,2022-10-12,Membro
http://dati.senato.it/gruppo/33,Lega-Salvini Premier,http://dati.senato.it/senatore/422,Roberto,Calderoli,2018-03-27,2022-10-12,Membro
http://dati.senato.it/gruppo/33,Lega-Salvini Premier,http://dati.senato.it/senatore/32595,Maurizio,Campari,2018-03-27,2022-10-12,Membro
http://dati.senato.it/gruppo/33,Lega-Salvini Premier,http://dati.senato.it/senatore/32596,Massimo,Candura,2018-03-27,2022-10-12,Membro
http://dati.senato.it/gruppo/33,Lega-Salvini Premier,http://dati.senato.it/senatore/32598,Maria Cristina,Cantu',2018-03-27,2022-10-12,Membro
http://dati.senato.it/gruppo/33,Lega-Salvini Premier,http://dati.senato.it/senatore/32599,Marzia,Casolati,2018-03-27,2022-10-12,Membro
http://dati.senato.it/gruppo/33,Lega-Salvini Premier,http://dati.senato.it/senatore/32633,Roberta,Ferrero,2018-03-27,2022-10-12,Membro
http://dati.senato.it/gruppo/33,Lega-Salvini Premier,http://dati.senato.it/senatore/32635,Sonia,Fregolent,2018-03-27,2022-10-12,Membro
http://dati.senato.it/gruppo/33,Lega-Salvini Premier,http://dati.senato.it/senatore/32636,Umberto,Fusco,2018-03-27,2022-10-12,Membro
http://dati.senato.it/gruppo/33,Lega-Salvini Premier,http://dati.senato.it/senatore/32646,Tony Chike,Iwobi,2018-03-27,2022-10-12,Membro
http://dati.senato.it/gruppo/33,Lega-Salvini Premier,http://dati.senato.it/senatore/32664,Raffaella Fiormaria,Marin,2018-03-27,2022-10-12,Membro
http://dati.senato.it/gruppo/33,Lega-Salvini Premier,http://dati.senato.it/senatore/29480,Roberto,Marti,2018-03-27,2022-10-12,Membro
http://dati.senato.it/gruppo/33,Lega-Salvini Premier,http://dati.senato.it/senatore/32750,Tiziana,Nisini,2018-03-27,2022-10-12,Membro
http://dati.senato.it/gruppo/33,Lega-Salvini Premier,http://dati.senato.it/senatore/32677,Andrea,Ostellari,2018-03-27,2022-10-12,Membro
http://dati.senato.it/gruppo/33,Lega-Salvini Premier,http://dati.senato.it/senatore/32682,Giuliano,Pazzaglini,2018-03-27,2022-10-12,Membro
http://dati.senato.it/gruppo/33,Lega-Salvini Premier,http://dati.senato.it/senatore/32683,Emanuele,Pellegrini,2018-03-27,2022-10-12,Membro
http://dati.senato.it/gruppo/33,Lega-Salvini Premier,http://dati.senato.it/senatore/32685,Pasquale,Pepe,2018-03-27,2022-10-12,Membro
http://dati.senato.it/gruppo/33,Lega-Salvini Premier,http://dati.senato.it/senatore/32686,Simona,Pergreffi,2018-03-27,2022-10-12,Membro
http://dati.senato.it/gruppo/33,Lega-Salvini Premier,http://dati.senato.it/senatore/32751,Cesare,Pianasso,2018-03-27,2022-10-12,Membro
http://dati.senato.it/gruppo/33,Lega-Salvini Premier,http://dati.senato.it/senatore/32690,Simone,Pillon,2018-03-27,2022-10-12,Membro
http://dati.senato.it/gruppo/33,Lega-Salvini Premier,http://dati.senato.it/senatore/18562,Daisy,Pirovano,2018-03-27,2022-10-12,Membro
http://dati.senato.it/gruppo/33,Lega-Salvini Premier,http://dati.senato.it/senatore/32694,Pietro,Pisani,2018-03-27,2022-10-12,Membro
http://dati.senato.it/gruppo/33,Lega-Salvini Premier,http://dati.senato.it/senatore/25295,Mario,Pittoni,2018-03-27,2022-10-12,Membro
http://dati.senato.it/gruppo/33,Lega-Salvini Premier,http://dati.senato.it/senatore/32695,Nadia,Pizzol,2018-03-27,2022-10-12,Membro
http://dati.senato.it/gruppo/33,Lega-Salvini Premier,http://dati.senato.it/senatore/32702,Paolo,Ripamonti,2018-03-27,2022-10-12,Membro
http://dati.senato.it/gruppo/33,Lega-Salvini Premier,http://dati.senato.it/senatore/25415,Erica,Rivolta,2018-03-27,2022-10-12,Membro
http://dati.senato.it/gruppo/33,Lega-Salvini Premier,http://dati.senato.it/senatore/32752,Gianfranco,Rufa,2018-03-27,2022-10-12,Membro
http://dati.senato.it/gruppo/33,Lega-Salvini Premier,http://dati.senato.it/senatore/32715,Armando,Siri,2018-03-27,2022-10-12,Membro
http://dati.senato.it/gruppo/33,Lega-Salvini Premier,http://dati.senato.it/senatore/25218,Gianpaolo,Vallardi,2018-03-27,2022-10-12,Membro
http://dati.senato.it/gruppo/33,Lega-Salvini Premier,http://dati.senato.it/senatore/32753,Manuel,Vescovi,2018-03-27,2022-10-12,Membro
http://dati.senato.it/gruppo/33,Lega-Salvini Premier,http://dati.senato.it/senatore/32733,Cristiano,Zuliani,2018-03-27,2022-10-12,Membro
http://dati.senato.it/gruppo/33,Lega-Salvini Premier,http://dati.senato.it/senatore/32716,Christian,Solinas,2018-06-20,2018-07-10,Membro
http://dati.senato.it/gruppo/33,Lega-Salvini Premier,http://dati.senato.it/senatore/29059,Stefano,Candiani,2018-06-20,2021-04-19,Membro
http://dati.senato.it/gruppo/33,Lega-Salvini Premier,http://dati.senato.it/senatore/29292,Stefano,Borghesi,2018-06-20,2022-10-12,Membro
http://dati.senato.it/gruppo/33,Lega-Salvini Premier,http://dati.senato.it/senatore/32590,Lucia,Borgonzoni,2018-06-20,2022-10-12,Membro
http://dati.senato.it/gruppo/33,Lega-Salvini Premier,http://dati.senato.it/senatore/29067,Gian Marco,Centinaio,2018-06-20,2022-10-12,Membro
http://dati.senato.it/gruppo/33,Lega-Salvini Premier,http://dati.senato.it/senatore/32706,Massimiliano,Romeo,2018-06-20,2022-10-12,Presidente
http://dati.senato.it/gruppo/33,Lega-Salvini Premier,http://dati.senato.it/senatore/29185,Erika,Stefani,2018-06-20,2022-10-12,Membro
http://dati.senato.it/gruppo/33,Lega-Salvini Premier,http://dati.senato.it/senatore/30915,Paolo,Tosato,2018-06-20,2022-10-12,Vicepresidente Vicario
http://dati.senato.it/gruppo/33,Lega-Salvini Premier,http://dati.senato.it/senatore/32697,Stefania,Pucciarelli,2018-07-11,2018-11-19,Vicepresidente
http://dati.senato.it/gruppo/33,Lega-Salvini Premier,http://dati.senato.it/senatore/32716,Christian,Solinas,2018-07-11,2019-06-19,Vicepresidente
http://dati.senato.it/gruppo/33,Lega-Salvini Premier,http://dati.senato.it/senatore/23015,Enrico,Montani,2018-07-11,2022-10-12,Vicepresidente
http://dati.senato.it/gruppo/33,Lega-Salvini Premier-Partito Sardo d'Azione,http://dati.senato.it/senatore/32627,Antonella,Faggi,2018-11-20,2022-10-12,Vicepresidente
http://dati.senato.it/gruppo/33,Lega-Salvini Premier-Partito Sardo d'Azione,http://dati.senato.it/senatore/32697,Stefania,Pucciarelli,2018-11-20,2022-10-12,Membro
http://dati.senato.it/gruppo/33,Lega-Salvini Premier-Partito Sardo d'Azione,http://dati.senato.it/senatore/34617,Michelina,Lunesu,2019-06-19,2022-10-12,Membro
http://dati.senato.it/gruppo/33,Lega-Salvini Premier-Partito Sardo d'Azione,http://dati.senato.it/senatore/34630,Kristalia Rachele,Papaevangeliu,2019-07-02,2019-07-31,Membro
http://dati.senato.it/gruppo/33,Lega-Salvini Premier-Partito Sardo d'Azione,http://dati.senato.it/senatore/34675,Stefano,Corti,2019-07-31,2022-10-12,Membro
http://dati.senato.it/gruppo/33,Lega-Salvini Premier-Partito Sardo d'Azione,http://dati.senato.it/senatore/25407,Matteo,Salvini,2019-07-31,2022-10-12,Membro
http://dati.senato.it/gruppo/33,Lega-Salvini Premier-Partito Sardo d'Azione,http://dati.senato.it/senatore/32711,Maria,Saponara,2019-08-05,2022-10-12,Vicepresidente
http://dati.senato.it/gruppo/33,Lega-Salvini Premier-Partito Sardo d'Azione,http://dati.senato.it/senatore/32642,Ugo,Grassi,2019-12-12,2022-05-17,Membro
http://dati.senato.it/gruppo/33,Lega-Salvini Premier-Partito Sardo d'Azione,http://dati.senato.it/senatore/29123,Stefano,Lucidi,2019-12-12,2022-10-12,Membro
http://dati.senato.it/gruppo/33,Lega-Salvini Premier-Partito Sardo d'Azione,http://dati.senato.it/senatore/32728,Francesco,Urraro,2019-12-12,2022-10-12,Membro
http://dati.senato.it/gruppo/33,Lega-Salvini Premier-Partito Sardo d'Azione,http://dati.senato.it/senatore/35119,Valeria,Alessandrini,2020-03-18,2022-10-12,Membro
http://dati.senato.it/gruppo/33,Lega-Salvini Premier-Partito Sardo d'Azione,http://dati.senato.it/senatore/32721,Elena,Testor,2020-06-03,2022-10-12,Membro
http://dati.senato.it/gruppo/33,Lega-Salvini Premier-Partito Sardo d'Azione,http://dati.senato.it/senatore/32700,Alessandra,Riccardi,2020-06-23,2022-10-12,Membro
http://dati.senato.it/gruppo/33,Lega-Salvini Premier-Partito Sardo d'Azione,http://dati.senato.it/senatore/35388,Carlo,Doria,2020-10-05,2022-10-12,Membro
http://dati.senato.it/gruppo/33,Lega-Salvini Premier-Partito Sardo d'Azione,http://dati.senato.it/senatore/32672,Francesco,Mollame,2021-04-14,2022-05-05,Membro
http://dati.senato.it/gruppo/33,Lega-Salvini Premier-Partito Sardo d'Azione,http://dati.senato.it/senatore/29059,Stefano,Candiani,2021-04-20,2022-10-12,Segretario d'Aula
http://dati.senato.it/gruppo/33,Lega-Salvini Premier-Partito Sardo d'Azione,http://dati.senato.it/senatore/32719,Valeria,Sudano,2021-08-06,2022-10-12,Membro
http://dati.senato.it/gruppo/33,Lega-Salvini Premier-Partito Sardo d'Azione,http://dati.senato.it/senatore/36013,Tilde,Minasi,2021-12-15,2022-03-29,Membro
http://dati.senato.it/gruppo/33,Lega-Salvini Premier-Partito Sardo d'Azione,http://dati.senato.it/senatore/36179,Fausto,De Angelis,2022-03-30,2022-10-12,Membro
http://dati.senato.it/gruppo/49,Partito Democratico,http://dati.senato.it/senatore/29282,Caterina,Bini,2018-03-27,2018-05-01,Membro
http://dati.senato.it/gruppo/49,Partito Democratico,http://dati.senato.it/senatore/18499,Monica,Cirinna',2018-03-27,2018-05-01,Membro
http://dati.senato.it/gruppo/49,Partito Democratico,http://dati.senato.it/senatore/29072,Stefano,Collina,2018-03-27,2018-05-01,Membro
http://dati.senato.it/gruppo/49,Partito Democratico,http://dati.senato.it/senatore/29398,Alan,Ferrari,2018-03-27,2018-05-01,Membro
http://dati.senato.it/gruppo/49,Partito Democratico,http://dati.senato.it/senatore/29467,Simona Flavia,Malpezzi,2018-03-27,2018-05-01,Membro
http://dati.senato.it/gruppo/49,Partito Democratico,http://dati.senato.it/senatore/29138,Franco,Mirabelli,2018-03-27,2018-05-01,Membro
http://dati.senato.it/gruppo/49,Partito Democratico,http://dati.senato.it/senatore/29604,Valeria,Valente,2018-03-27,2018-05-01,Membro
http://dati.senato.it/gruppo/49,Partito Democratico,http://dati.senato.it/senatore/29186,Dario,Stefano,2018-03-27,2019-02-12,Membro
http://dati.senato.it/gruppo/49,Partito Democratico,http://dati.senato.it/senatore/29524,Edoardo,Patriarca,2018-03-27,2019-07-31,Membro
http://dati.senato.it/gruppo/49,Partito Democratico,http://dati.senato.it/senatore/29555,Matteo,Richetti,2018-03-27,2019-09-10,Membro
http://dati.senato.it/gruppo/49,Partito Democratico,http://dati.senato.it/senatore/22865,Teresa,Bellanova,2018-03-27,2019-09-17,Membro
http://dati.senato.it/gruppo/49,Partito Democratico,http://dati.senato.it/senatore/29288,Francesco,Bonifazi,2018-03-27,2019-09-17,Membro
http://dati.senato.it/gruppo/49,Partito Democratico,http://dati.senato.it/senatore/32746,Eugenio,Comincini,2018-03-27,2019-09-17,Membro
http://dati.senato.it/gruppo/49,Partito Democratico,http://dati.senato.it/senatore/29076,Giuseppe Luigi Salvatore,Cucca,2018-03-27,2019-09-17,Membro
http://dati.senato.it/gruppo/49,Partito Democratico,http://dati.senato.it/senatore/29395,Davide,Faraone,2018-03-27,2019-09-17,Membro
http://dati.senato.it/gruppo/49,Partito Democratico,http://dati.senato.it/senatore/25498,Laura,Garavini,2018-03-27,2019-09-17,Membro
http://dati.senato.it/gruppo/49,Partito Democratico,http://dati.senato.it/senatore/29107,Nadia,Ginetti,2018-03-27,2019-09-17,Membro
http://dati.senato.it/gruppo/49,Partito Democratico,http://dati.senato.it/senatore/32643,Leonardo,Grimani,2018-03-27,2019-09-17,Membro
http://dati.senato.it/gruppo/49,Partito Democratico,http://dati.senato.it/senatore/29464,Ernesto,Magorno,2018-03-27,2019-09-17,Membro
http://dati.senato.it/gruppo/49,Partito Democratico,http://dati.senato.it/senatore/21507,Mauro Maria,Marino,2018-03-27,2019-09-17,Membro
http://dati.senato.it/gruppo/49,Partito Democratico,http://dati.senato.it/senatore/30742,Matteo,Renzi,2018-03-27,2019-09-17,Membro
http://dati.senato.it/gruppo/49,Partito Democratico,http://dati.senato.it/senatore/25402,Daniela,Sbrollini,2018-03-27,2019-09-17,Membro
http://dati.senato.it/gruppo/49,Partito Democratico,http://dati.senato.it/senatore/32719,Valeria,Sudano,2018-03-27,2019-09-17,Membro
http://dati.senato.it/gruppo/49,Partito Democratico,http://dati.senato.it/senatore/29157,Annamaria,Parente,2018-03-27,2019-10-06,Membro
http://dati.senato.it/gruppo/49,Partito Democratico,http://dati.senato.it/senatore/32602,Tommaso,Cerno,2018-03-27,2020-02-25,Membro
http://dati.senato.it/gruppo/49,Partito Democratico,http://dati.senato.it/senatore/4522,Gianni,Pittella,2018-03-27,2020-09-07,Membro
http://dati.senato.it/gruppo/49,Partito Democratico,http://dati.senato.it/senatore/32703,Tatjana,Rojc,2018-03-27,2021-01-25,Membro
http://dati.senato.it/gruppo/49,Partito Democratico,http://dati.senato.it/senatore/32588,Caterina,Biti,2018-03-27,2021-03-24,Membro
http://dati.senato.it/gruppo/49,Partito Democratico,http://dati.senato.it/senatore/29358,Vincenzo,D'Arienzo,2018-03-27,2021-03-24,Membro
http://dati.senato.it/gruppo/49,Partito Democratico,http://dati.senato.it/senatore/1458,Andrea,Marcucci,2018-03-27,2021-03-24,Presidente
http://dati.senato.it/gruppo/49,Partito Democratico,http://dati.senato.it/senatore/32578,Alessandro,Alfieri,2018-03-27,2022-10-12,Membro
http://dati.senato.it/gruppo/49,Partito Democratico,http://dati.senato.it/senatore/29040,Bruno,Astorre,2018-03-27,2022-10-12,Membro
http://dati.senato.it/gruppo/49,Partito Democratico,http://dati.senato.it/senatore/31143,Paola,Boldrini,2018-03-27,2022-10-12,Membro
http://dati.senato.it/gruppo/49,Partito Democratico,http://dati.senato.it/senatore/32610,Luciano,D'Alfonso,2018-03-27,2022-10-12,Membro
http://dati.senato.it/gruppo/49,Partito Democratico,http://dati.senato.it/senatore/26041,Valeria,Fedeli,2018-03-27,2022-10-12,Membro
http://dati.senato.it/gruppo/49,Partito Democratico,http://dati.senato.it/senatore/32632,Andrea,Ferrazzi,2018-03-27,2022-10-12,Membro
http://dati.senato.it/gruppo/49,Partito Democratico,http://dati.senato.it/senatore/29105,Francesco,Giacobbe,2018-03-27,2022-10-12,Membro
http://dati.senato.it/gruppo/49,Partito Democratico,http://dati.senato.it/senatore/29443,Vanna,Iori,2018-03-27,2022-10-12,Membro
http://dati.senato.it/gruppo/49,Partito Democratico,http://dati.senato.it/senatore/32651,Mauro Antonio Donato,Laus,2018-03-27,2022-10-12,Membro
http://dati.senato.it/gruppo/49,Partito Democratico,http://dati.senato.it/senatore/32660,Daniele,Manca,2018-03-27,2022-10-12,Membro
http://dati.senato.it/gruppo/49,Partito Democratico,http://dati.senato.it/senatore/23135,Salvatore,Margiotta,2018-03-27,2022-10-12,Membro
http://dati.senato.it/gruppo/49,Partito Democratico,http://dati.senato.it/senatore/32669,Assuntela,Messina,2018-03-27,2022-10-12,Membro
http://dati.senato.it/gruppo/49,Partito Democratico,http://dati.senato.it/senatore/23011,Antonio,Misiani,2018-03-27,2022-10-12,Membro
http://dati.senato.it/gruppo/49,Partito Democratico,http://dati.senato.it/senatore/31572,Tommaso,Nannicini,2018-03-27,2022-10-12,Membro
http://dati.senato.it/gruppo/49,Partito Democratico,http://dati.senato.it/senatore/29521,Dario,Parrini,2018-03-27,2022-10-12,Membro
http://dati.senato.it/gruppo/49,Partito Democratico,http://dati.senato.it/senatore/17750,Roberta,Pinotti,2018-03-27,2022-10-12,Membro
http://dati.senato.it/gruppo/49,Partito Democratico,http://dati.senato.it/senatore/29552,Roberto,Rampi,2018-03-27,2022-10-12,Membro
http://dati.senato.it/gruppo/49,Partito Democratico,http://dati.senato.it/senatore/25411,Anna,Rossomando,2018-03-27,2022-10-12,Membro
http://dati.senato.it/gruppo/49,Partito Democratico,http://dati.senato.it/senatore/29591,Mino,Taricco,2018-03-27,2022-10-12,Membro
http://dati.senato.it/gruppo/49,Partito Democratico,http://dati.senato.it/senatore/29194,Vito,Vattuone,2018-03-27,2022-10-12,Membro
http://dati.senato.it/gruppo/49,Partito Democratico,http://dati.senato.it/senatore/28924,Francesco,Verducci,2018-03-27,2022-10-12,Membro
http://dati.senato.it/gruppo/49,Partito Democratico,http://dati.senato.it/senatore/20658,Luigi,Zanda,2018-03-27,2022-10-12,Membro
http://dati.senato.it/gruppo/49,Partito Democratico,http://dati.senato.it/senatore/29604,Valeria,Valente,2018-05-02,2019-02-12,Vicepresidente
http://dati.senato.it/gruppo/49,Partito Democratico,http://dati.senato.it/senatore/29467,Simona Flavia,Malpezzi,2018-05-02,2020-02-12,Vicepresidente
http://dati.senato.it/gruppo/49,Partito Democratico,http://dati.senato.it/senatore/29138,Franco,Mirabelli,2018-05-02,2020-09-07,Vicepresidente
http://dati.senato.it/gruppo/49,Partito Democratico,http://dati.senato.it/senatore/29282,Caterina,Bini,2018-05-02,2021-03-24,Segretario
http://dati.senato.it/gruppo/49,Partito Democratico,http://dati.senato.it/senatore/29398,Alan,Ferrari,2018-05-02,2021-03-24,Segretario d'Aula
http://dati.senato.it/gruppo/49,Partito Democratico,http://dati.senato.it/senatore/18499,Monica,Cirinna',2018-05-02,2022-10-12,Segretario
http://dati.senato.it/gruppo/49,Partito Democratico,http://dati.senato.it/senatore/29072,Stefano,Collina,2018-05-02,2022-10-12,Tesoriere
http://dati.senato.it/gruppo/49,Partito Democratico,http://dati.senato.it/senatore/29186,Dario,Stefano,2019-02-13,2020-09-07,Vicepresidente
http://dati.senato.it/gruppo/49,Partito Democratico,http://dati.senato.it/senatore/29604,Valeria,Valente,2019-02-13,2022-10-12,Membro
http://dati.senato.it/gruppo/49,Partito Democratico,http://dati.senato.it/senatore/29467,Simona Flavia,Malpezzi,2020-02-13,2021-03-24,Membro
http://dati.senato.it/gruppo/49,Partito Democratico,http://dati.senato.it/senatore/29138,Franco,Mirabelli,2020-09-08,2021-03-24,Vicepresidente Vicario
http://dati.senato.it/gruppo/49,Partito Democratico,http://dati.senato.it/senatore/4522,Gianni,Pittella,2020-09-08,2021-03-24,Vicepresidente
http://dati.senato.it/gruppo/49,Partito Democratico,http://dati.senato.it/senatore/29186,Dario,Stefano,2020-09-08,2022-10-12,Membro
http://dati.senato.it/gruppo/49,Partito Democratico,http://dati.senato.it/senatore/32602,Tommaso,Cerno,2021-01-19,2022-10-12,Membro
http://dati.senato.it/gruppo/49,Partito Democratico,http://dati.senato.it/senatore/32746,Eugenio,Comincini,2021-03-22,2022-10-12,Membro
http://dati.senato.it/gruppo/49,Partito Democratico,http://dati.senato.it/senatore/4522,Gianni,Pittella,2021-03-25,2022-09-06,Membro
http://dati.senato.it/gruppo/49,Partito Democratico,http://dati.senato.it/senatore/29282,Caterina,Bini,2021-03-25,2022-10-12,Membro
http://dati.senato.it/gruppo/49,Partito Democratico,http://dati.senato.it/senatore/32588,Caterina,Biti,2021-03-25,2022-10-12,Vicepresidente
http://dati.senato.it/gruppo/49,Partito Democratico,http://dati.senato.it/senatore/29358,Vincenzo,D'Arienzo,2021-03-25,2022-10-12,Segretario d'Aula
http://dati.senato.it/gruppo/49,Partito Democratico,http://dati.senato.it/senatore/29398,Alan,Ferrari,2021-03-25,2022-10-12,Vicepresidente Vicario
http://dati.senato.it/gruppo/49,Partito Democratico,http://dati.senato.it/senatore/29467,Simona Flavia,Malpezzi,2021-03-25,2022-10-12,Presidente
http://dati.senato.it/gruppo/49,Partito Democratico,http://dati.senato.it/senatore/1458,Andrea,Marcucci,2021-03-25,2022-10-12,Membro
http://dati.senato.it/gruppo/49,Partito Democratico,http://dati.senato.it/senatore/29138,Franco,Mirabelli,2021-03-25,2022-10-12,Vicepresidente
http://dati.senato.it/gruppo/49,Partito Democratico,http://dati.senato.it/senatore/32703,Tatjana,Rojc,2021-03-30,2022-10-12,Membro
http://dati.senato.it/gruppo/49,Partito Democratico,http://dati.senato.it/senatore/32663,Gianni,Marilotti,2021-04-15,2022-10-12,Membro
http://dati.senato.it/gruppo/49,Partito Democratico,http://dati.senato.it/senatore/25421,Fabio,Porta,2022-01-12,2022-10-12,Membro
http://dati.senato.it/gruppo/56,Forza Italia-Berlusconi Presidente,http://dati.senato.it/senatore/1407,Lucio,Malan,2018-03-27,2018-04-10,Membro
http://dati.senato.it/gruppo/56,Forza Italia-Berlusconi Presidente,http://dati.senato.it/senatore/25199,Gilberto,Pichetto Fratin,2018-03-27,2018-04-10,Membro
http://dati.senato.it/gruppo/56,Forza Italia-Berlusconi Presidente,http://dati.senato.it/senatore/32637,Adriano,Galliani,2018-03-27,2018-11-08,Membro
http://dati.senato.it/gruppo/56,Forza Italia-Berlusconi Presidente,http://dati.senato.it/senatore/26539,Maria Alessandra,Gallone,2018-03-27,2018-11-08,Membro
http://dati.senato.it/gruppo/56,Forza Italia-Berlusconi Presidente,http://dati.senato.it/senatore/25492,Gabriella,Giammanco,2018-03-27,2018-11-08,Membro
http://dati.senato.it/gruppo/56,Forza Italia-Berlusconi Presidente,http://dati.senato.it/senatore/4741,Alessandrina,Lonardo,2018-03-27,2018-11-08,Membro
http://dati.senato.it/gruppo/56,Forza Italia-Berlusconi Presidente,http://dati.senato.it/senatore/32659,Massimo,Mallegni,2018-03-27,2018-11-08,Membro
http://dati.senato.it/gruppo/56,Forza Italia-Berlusconi Presidente,http://dati.senato.it/senatore/32661,Giuseppe Tommaso Vincenzo,Mangialavori,2018-03-27,2018-11-08,Membro
http://dati.senato.it/gruppo/56,Forza Italia-Berlusconi Presidente,http://dati.senato.it/senatore/18740,Giuseppe,Moles,2018-03-27,2018-11-08,Membro
http://dati.senato.it/gruppo/56,Forza Italia-Berlusconi Presidente,http://dati.senato.it/senatore/25198,Maria,Rizzotti,2018-03-27,2018-11-08,Membro
http://dati.senato.it/gruppo/56,Forza Italia-Berlusconi Presidente,http://dati.senato.it/senatore/32707,Licia,Ronzulli,2018-03-27,2018-11-08,Membro
http://dati.senato.it/gruppo/56,Forza Italia-Berlusconi Presidente,http://dati.senato.it/senatore/32605,Donatella,Conzatti,2018-03-27,2019-09-17,Membro
http://dati.senato.it/gruppo/56,Forza Italia-Berlusconi Presidente,http://dati.senato.it/senatore/32721,Elena,Testor,2018-03-27,2020-06-02,Membro
http://dati.senato.it/gruppo/56,Forza Italia-Berlusconi Presidente,http://dati.senato.it/senatore/32744,Vincenzo,Carbone,2018-03-27,2020-06-30,Membro
http://dati.senato.it/gruppo/56,Forza Italia-Berlusconi Presidente,http://dati.senato.it/senatore/32587,Massimo Vittorio,Berutti,2018-03-27,2020-07-21,Membro
http://dati.senato.it/gruppo/56,Forza Italia-Berlusconi Presidente,http://dati.senato.it/senatore/18715,Gaetano,Quagliariello,2018-03-27,2020-07-21,Membro
http://dati.senato.it/gruppo/56,Forza Italia-Berlusconi Presidente,http://dati.senato.it/senatore/2064,Paolo,Romani,2018-03-27,2020-07-21,Membro
http://dati.senato.it/gruppo/56,Forza Italia-Berlusconi Presidente,http://dati.senato.it/senatore/27476,Raffaele,Fantetti,2018-03-27,2020-10-11,Membro
http://dati.senato.it/gruppo/56,Forza Italia-Berlusconi Presidente,http://dati.senato.it/senatore/29329,Andrea,Causin,2018-03-27,2021-01-25,Membro
http://dati.senato.it/gruppo/56,Forza Italia-Berlusconi Presidente,http://dati.senato.it/senatore/25412,Mariarosaria,Rossi,2018-03-27,2021-01-25,Membro
http://dati.senato.it/gruppo/56,Forza Italia-Berlusconi Presidente,http://dati.senato.it/senatore/19777,Sandro Mario,Biasotti,2018-03-27,2021-05-27,Membro
http://dati.senato.it/gruppo/56,Forza Italia-Berlusconi Presidente,http://dati.senato.it/senatore/32765,Anna Carmela,Minuto,2018-03-27,2021-12-02,Membro
http://dati.senato.it/gruppo/56,Forza Italia-Berlusconi Presidente,http://dati.senato.it/senatore/32666,Barbara,Masini,2018-03-27,2022-02-01,Membro
http://dati.senato.it/gruppo/56,Forza Italia-Berlusconi Presidente,http://dati.senato.it/senatore/32597,Andrea,Cangini,2018-03-27,2022-07-20,Membro
http://dati.senato.it/gruppo/56,Forza Italia-Berlusconi Presidente,http://dati.senato.it/senatore/17887,Niccolo',Ghedini,2018-03-27,2022-08-17,Membro
http://dati.senato.it/gruppo/56,Forza Italia-Berlusconi Presidente,http://dati.senato.it/senatore/4373,Luigi,Cesaro,2018-03-27,2022-08-29,Membro
http://dati.senato.it/gruppo/56,Forza Italia-Berlusconi Presidente,http://dati.senato.it/senatore/27874,Domenico,De Siano,2018-03-27,2022-08-29,Membro
http://dati.senato.it/gruppo/56,Forza Italia-Berlusconi Presidente,http://dati.senato.it/senatore/32741,Enrico,Aimi,2018-03-27,2022-10-12,Membro
http://dati.senato.it/gruppo/56,Forza Italia-Berlusconi Presidente,http://dati.senato.it/senatore/32,Maria Elisabetta,Alberti Casellati,2018-03-27,2022-10-12,Membro
http://dati.senato.it/gruppo/56,Forza Italia-Berlusconi Presidente,http://dati.senato.it/senatore/32742,Francesca,Alderisi,2018-03-27,2022-10-12,Membro
http://dati.senato.it/gruppo/56,Forza Italia-Berlusconi Presidente,http://dati.senato.it/senatore/32583,Alberto,Barachini,2018-03-27,2022-10-12,Membro
http://dati.senato.it/gruppo/56,Forza Italia-Berlusconi Presidente,http://dati.senato.it/senatore/32584,Antonio,Barboni,2018-03-27,2022-10-12,Membro
http://dati.senato.it/gruppo/56,Forza Italia-Berlusconi Presidente,http://dati.senato.it/senatore/24989,Francesco,Battistoni,2018-03-27,2022-10-12,Membro
http://dati.senato.it/gruppo/56,Forza Italia-Berlusconi Presidente,http://dati.senato.it/senatore/32585,Roberto,Berardi,2018-03-27,2022-10-12,Membro
http://dati.senato.it/gruppo/56,Forza Italia-Berlusconi Presidente,http://dati.senato.it/senatore/25558,Anna Maria,Bernini,2018-03-27,2022-10-12,Presidente
http://dati.senato.it/gruppo/56,Forza Italia-Berlusconi Presidente,http://dati.senato.it/senatore/22712,Paola,Binetti,2018-03-27,2022-10-12,Membro
http://dati.senato.it/gruppo/56,Forza Italia-Berlusconi Presidente,http://dati.senato.it/senatore/25214,Giacomo,Caliendo,2018-03-27,2022-10-12,Membro
http://dati.senato.it/gruppo/56,Forza Italia-Berlusconi Presidente,http://dati.senato.it/senatore/22914,Stefania Gabriella Anastasia,Craxi,2018-03-27,2022-10-12,Membro
http://dati.senato.it/gruppo/56,Forza Italia-Berlusconi Presidente,http://dati.senato.it/senatore/32611,Franco,Dal Mas,2018-03-27,2022-10-12,Membro
http://dati.senato.it/gruppo/56,Forza Italia-Berlusconi Presidente,http://dati.senato.it/senatore/32747,Dario,Damiani,2018-03-27,2022-10-12,Membro
http://dati.senato.it/gruppo/56,Forza Italia-Berlusconi Presidente,http://dati.senato.it/senatore/22814,Antonio,De Poli,2018-03-27,2022-10-12,Membro
http://dati.senato.it/gruppo/56,Forza Italia-Berlusconi Presidente,http://dati.senato.it/senatore/4192,Claudio,Fazzone,2018-03-27,2022-10-12,Membro
http://dati.senato.it/gruppo/56,Forza Italia-Berlusconi Presidente,http://dati.senato.it/senatore/17841,Massimo,Ferro,2018-03-27,2022-10-12,Membro
http://dati.senato.it/gruppo/56,Forza Italia-Berlusconi Presidente,http://dati.senato.it/senatore/29209,Emilio,Floris,2018-03-27,2022-10-12,Membro
http://dati.senato.it/gruppo/56,Forza Italia-Berlusconi Presidente,http://dati.senato.it/senatore/1103,Maurizio,Gasparri,2018-03-27,2022-10-12,Membro
http://dati.senato.it/gruppo/56,Forza Italia-Berlusconi Presidente,http://dati.senato.it/senatore/22970,Francesco Maria,Giro,2018-03-27,2022-10-12,Membro
http://dati.senato.it/gruppo/56,Forza Italia-Berlusconi Presidente,http://dati.senato.it/senatore/25205,Alfredo,Messina,2018-03-27,2022-10-12,Membro
http://dati.senato.it/gruppo/56,Forza Italia-Berlusconi Presidente,http://dati.senato.it/senatore/32671,Fiammetta,Modena,2018-03-27,2022-10-12,Membro
http://dati.senato.it/gruppo/56,Forza Italia-Berlusconi Presidente,http://dati.senato.it/senatore/32679,Nazario,Pagano,2018-03-27,2022-10-12,Membro
http://dati.senato.it/gruppo/56,Forza Italia-Berlusconi Presidente,http://dati.senato.it/senatore/30396,Urania Giulia Rosina,Papatheu,2018-03-27,2022-10-12,Membro
http://dati.senato.it/gruppo/56,Forza Italia-Berlusconi Presidente,http://dati.senato.it/senatore/4512,Adriano,Paroli,2018-03-27,2022-10-12,Membro
http://dati.senato.it/gruppo/56,Forza Italia-Berlusconi Presidente,http://dati.senato.it/senatore/32688,Marco,Perosino,2018-03-27,2022-10-12,Membro
http://dati.senato.it/gruppo/56,Forza Italia-Berlusconi Presidente,http://dati.senato.it/senatore/31157,Antonio,Saccone,2018-03-27,2022-10-12,Membro
http://dati.senato.it/gruppo/56,Forza Italia-Berlusconi Presidente,http://dati.senato.it/senatore/3939,Renato,Schifani,2018-03-27,2022-10-12,Membro
http://dati.senato.it/gruppo/56,Forza Italia-Berlusconi Presidente,http://dati.senato.it/senatore/25206,Salvatore,Sciascia,2018-03-27,2022-10-12,Membro
http://dati.senato.it/gruppo/56,Forza Italia-Berlusconi Presidente,http://dati.senato.it/senatore/25207,Giancarlo,Serafini,2018-03-27,2022-10-12,Membro
http://dati.senato.it/gruppo/56,Forza Italia-Berlusconi Presidente,http://dati.senato.it/senatore/32714,Marco,Siclari,2018-03-27,2022-10-12,Membro
http://dati.senato.it/gruppo/56,Forza Italia-Berlusconi Presidente,http://dati.senato.it/senatore/32717,Laura,Stabile,2018-03-27,2022-10-12,Membro
http://dati.senato.it/gruppo/56,Forza Italia-Berlusconi Presidente,http://dati.senato.it/senatore/32722,Maria Virginia,Tiraboschi,2018-03-27,2022-10-12,Membro
http://dati.senato.it/gruppo/56,Forza Italia-Berlusconi Presidente,http://dati.senato.it/senatore/32723,Roberta,Toffanin,2018-03-27,2022-10-12,Membro
http://dati.senato.it/gruppo/56,Forza Italia-Berlusconi Presidente,http://dati.senato.it/senatore/4584,Luigi,Vitali,2018-03-27,2022-10-12,Membro
http://dati.senato.it/gruppo/56,Forza Italia-Berlusconi Presidente,http://dati.senato.it/senatore/1407,Lucio,Malan,2018-04-11,2021-07-18,Vicepresidente Vicario
http://dati.senato.it/gruppo/56,Forza Italia-Berlusconi Presidente,http://dati.senato.it/senatore/25199,Gilberto,Pichetto Fratin,2018-04-11,2022-10-12,Tesoriere
http://dati.senato.it/gruppo/56,Forza Italia-Berlusconi Presidente,http://dati.senato.it/senatore/4741,Alessandrina,Lonardo,2018-11-09,2020-07-28,Vicepresidente
http://dati.senato.it/gruppo/56,Forza Italia-Berlusconi Presidente,http://dati.senato.it/senatore/32637,Adriano,Galliani,2018-11-09,2022-10-12,Vicepresidente
http://dati.senato.it/gruppo/56,Forza Italia-Berlusconi Presidente,http://dati.senato.it/senatore/26539,Maria Alessandra,Gallone,2018-11-09,2022-10-12,Vicepresidente
http://dati.senato.it/gruppo/56,Forza Italia-Berlusconi Presidente,http://dati.senato.it/senatore/25492,Gabriella,Giammanco,2018-11-09,2022-10-12,Vicepresidente
http://dati.senato.it/gruppo/56,Forza Italia-Berlusconi Presidente,http://dati.senato.it/senatore/32659,Massimo,Mallegni,2018-11-09,2022-10-12,Vicepresidente
http://dati.senato.it/gruppo/56,Forza Italia-Berlusconi Presidente,http://dati.senato.it/senatore/32661,Giuseppe Tommaso Vincenzo,Mangialavori,2018-11-09,2022-10-12,Vicepresidente
http://dati.senato.it/gruppo/56,Forza Italia-Berlusconi Presidente,http://dati.senato.it/senatore/18740,Giuseppe,Moles,2018-11-09,2022-10-12,Vicepresidente
http://dati.senato.it/gruppo/56,Forza Italia-Berlusconi Presidente,http://dati.senato.it/senatore/25198,Maria,Rizzotti,2018-11-09,2022-10-12,Vicepresidente
http://dati.senato.it/gruppo/56,Forza Italia-Berlusconi Presidente,http://dati.senato.it/senatore/32707,Licia,Ronzulli,2018-11-09,2022-10-12,Vicepresidente
http://dati.senato.it/gruppo/56,Forza Italia-Berlusconi Presidente,http://dati.senato.it/senatore/34676,Fulvia Michela,Caligiuri,2019-08-01,2022-10-12,Membro
http://dati.senato.it/gruppo/56,Forza Italia Berlusconi Presidente-UDC,http://dati.senato.it/senatore/31391,Michele,Boccardi,2021-12-02,2022-10-12,Membro
http://dati.senato.it/gruppo/56,Forza Italia Berlusconi Presidente-UDC,http://dati.senato.it/senatore/32614,Saverio,De Bonis,2022-01-19,2022-10-12,Membro
http://dati.senato.it/gruppo/56,Forza Italia Berlusconi Presidente-UDC,http://dati.senato.it/senatore/32731,Gelsomina,Vono,2022-01-19,2022-10-12,Membro
http://dati.senato.it/gruppo/69,"Per le Autonomie (SVP-PATT, UV)",http://dati.senato.it/senatore/32624,Meinhard,Durnwalder,2018-03-27,2018-03-27,Membro
http://dati.senato.it/gruppo/69,"Per le Autonomie (SVP-PATT, UV)",http://dati.senato.it/senatore/29115,Albert,Laniece,2018-03-27,2018-03-27,Membro
http://dati.senato.it/gruppo/69,"Per le Autonomie (SVP-PATT, UV)",http://dati.senato.it/senatore/32718,Dieter,Steger,2018-03-27,2018-03-27,Membro
http://dati.senato.it/gruppo/69,"Per le Autonomie (SVP-PATT, UV)",http://dati.senato.it/senatore/4351,Gianclaudio,Bressa,2018-03-27,2022-10-12,Membro
http://dati.senato.it/gruppo/69,"Per le Autonomie (SVP-PATT, UV)",http://dati.senato.it/senatore/520,Pier Ferdinando,Casini,2018-03-27,2022-10-12,Membro
http://dati.senato.it/gruppo/69,"Per le Autonomie (SVP-PATT, UV)",http://dati.senato.it/senatore/30511,Elena,Cattaneo,2018-03-27,2022-10-12,Membro
http://dati.senato.it/gruppo/69,"Per le Autonomie (SVP-PATT, UV)",http://dati.senato.it/senatore/1672,Giorgio,Napolitano,2018-03-27,2022-10-12,Membro
http://dati.senato.it/gruppo/69,"Per le Autonomie (SVP-PATT, UV)",http://dati.senato.it/senatore/32727,Julia,Unterberger,2018-03-27,2022-10-12,Presidente
http://dati.senato.it/gruppo/69,"Per le Autonomie (SVP-PATT, UV)",http://dati.senato.it/senatore/32624,Meinhard,Durnwalder,2018-03-28,2022-10-12,Tesoriere
http://dati.senato.it/gruppo/69,"Per le Autonomie (SVP-PATT, UV)",http://dati.senato.it/senatore/29115,Albert,Laniece,2018-03-28,2022-10-12,Segretario
http://dati.senato.it/gruppo/69,"Per le Autonomie (SVP-PATT, UV)",http://dati.senato.it/senatore/29115,Albert,Laniece,2018-03-28,2022-10-12,Vicepresidente
http://dati.senato.it/gruppo/69,"Per le Autonomie (SVP-PATT, UV)",http://dati.senato.it/senatore/32718,Dieter,Steger,2018-03-28,2022-10-12,Vicepresidente Vicario
http://dati.senato.it/gruppo/69,"Per le Autonomie (SVP-PATT, UV)",http://dati.senato.it/senatore/32663,Gianni,Marilotti,2020-11-12,2021-01-25,Membro
http://dati.senato.it/gruppo/71,MoVimento 5 Stelle,http://dati.senato.it/senatore/32681,Stefano,Patuanelli,2018-03-27,2018-06-05,Vicepresidente
http://dati.senato.it/gruppo/71,MoVimento 5 Stelle,http://dati.senato.it/senatore/29599,Danilo,Toninelli,2018-03-27,2018-06-05,Presidente
http://dati.senato.it/gruppo/71,MoVimento 5 Stelle,http://dati.senato.it/senatore/29065,Gianluca,Castaldi,2018-03-27,2018-07-03,Segretario
http://dati.senato.it/gruppo/71,MoVimento 5 Stelle,http://dati.senato.it/senatore/32600,Maria Domenica,Castellone,2018-03-27,2018-07-03,Membro
http://dati.senato.it/gruppo/71,MoVimento 5 Stelle,http://dati.senato.it/senatore/29075,Vito Claudio,Crimi,2018-03-27,2018-07-03,Vicepresidente Vicario
http://dati.senato.it/gruppo/71,MoVimento 5 Stelle,http://dati.senato.it/senatore/32621,Primo,Di Nicola,2018-03-27,2018-07-03,Membro
http://dati.senato.it/gruppo/71,MoVimento 5 Stelle,http://dati.senato.it/senatore/32634,Barbara,Floridia,2018-03-27,2018-07-03,Membro
http://dati.senato.it/gruppo/71,MoVimento 5 Stelle,http://dati.senato.it/senatore/32649,Gabriele,Lanzi,2018-03-27,2018-07-03,Membro
http://dati.senato.it/gruppo/71,MoVimento 5 Stelle,http://dati.senato.it/senatore/32654,Arnaldo,Lomuti,2018-03-27,2018-07-03,Membro
http://dati.senato.it/gruppo/71,MoVimento 5 Stelle,http://dati.senato.it/senatore/32656,Giulia,Lupo,2018-03-27,2018-07-03,Membro
http://dati.senato.it/gruppo/71,MoVimento 5 Stelle,http://dati.senato.it/senatore/32658,Alessandra,Maiorino,2018-03-27,2018-07-03,Membro
http://dati.senato.it/gruppo/71,MoVimento 5 Stelle,http://dati.senato.it/senatore/29142,Vilma,Moronese,2018-03-27,2018-07-03,Vicepresidente
http://dati.senato.it/gruppo/71,MoVimento 5 Stelle,http://dati.senato.it/senatore/32687,Gianluca,Perilli,2018-03-27,2018-07-03,Vicepresidente
http://dati.senato.it/gruppo/71,MoVimento 5 Stelle,http://dati.senato.it/senatore/29527,Daniele,Pesco,2018-03-27,2018-07-03,Vicepresidente
http://dati.senato.it/gruppo/71,MoVimento 5 Stelle,http://dati.senato.it/senatore/29164,Sergio,Puglia,2018-03-27,2018-07-03,Segretario
http://dati.senato.it/gruppo/71,MoVimento 5 Stelle,http://dati.senato.it/senatore/29174,Vincenzo,Santangelo,2018-03-27,2018-07-03,Segretario
http://dati.senato.it/gruppo/71,MoVimento 5 Stelle,http://dati.senato.it/senatore/29066,Nunzia,Catalfo,2018-03-27,2018-09-11,Tesoriere
http://dati.senato.it/gruppo/71,MoVimento 5 Stelle,http://dati.senato.it/senatore/29123,Stefano,Lucidi,2018-03-27,2018-09-11,Membro
http://dati.senato.it/gruppo/71,MoVimento 5 Stelle,http://dati.senato.it/senatore/32614,Saverio,De Bonis,2018-03-27,2019-01-03,Membro
http://dati.senato.it/gruppo/71,MoVimento 5 Stelle,http://dati.senato.it/senatore/32615,Gregorio,De Falco,2018-03-27,2019-01-03,Membro
http://dati.senato.it/gruppo/71,MoVimento 5 Stelle,http://dati.senato.it/senatore/29147,Paola,Nugnes,2018-03-27,2019-06-28,Membro
http://dati.senato.it/gruppo/71,MoVimento 5 Stelle,http://dati.senato.it/senatore/32731,Gelsomina,Vono,2018-03-27,2019-09-24,Membro
http://dati.senato.it/gruppo/71,MoVimento 5 Stelle,http://dati.senato.it/senatore/32630,Emiliano,Fenu,2018-03-27,2019-10-16,Membro
http://dati.senato.it/gruppo/71,MoVimento 5 Stelle,http://dati.senato.it/senatore/32652,Cinzia,Leone,2018-03-27,2019-10-16,Membro
http://dati.senato.it/gruppo/71,MoVimento 5 Stelle,http://dati.senato.it/senatore/32700,Alessandra,Riccardi,2018-03-27,2019-10-16,Membro
http://dati.senato.it/gruppo/71,MoVimento 5 Stelle,http://dati.senato.it/senatore/32655,Pietro,Lorefice,2018-03-27,2019-10-30,Membro
http://dati.senato.it/gruppo/71,MoVimento 5 Stelle,http://dati.senato.it/senatore/32710,Agostino,Santillo,2018-03-27,2019-10-30,Membro
http://dati.senato.it/gruppo/71,MoVimento 5 Stelle,http://dati.senato.it/senatore/29093,Elena,Fattori,2018-03-27,2019-11-05,Membro
http://dati.senato.it/gruppo/71,MoVimento 5 Stelle,http://dati.senato.it/senatore/32676,Franco,Ortolani,2018-03-27,2019-11-22,Membro
http://dati.senato.it/gruppo/71,MoVimento 5 Stelle,http://dati.senato.it/senatore/32642,Ugo,Grassi,2018-03-27,2019-12-11,Membro
http://dati.senato.it/gruppo/71,MoVimento 5 Stelle,http://dati.senato.it/senatore/32728,Francesco,Urraro,2018-03-27,2019-12-11,Membro
http://dati.senato.it/gruppo/71,MoVimento 5 Stelle,http://dati.senato.it/senatore/32680,Gianluigi,Paragone,2018-03-27,2020-01-03,Membro
http://dati.senato.it/gruppo/71,MoVimento 5 Stelle,http://dati.senato.it/senatore/32620,Luigi,Di Marzio,2018-03-27,2020-01-15,Membro
http://dati.senato.it/gruppo/71,MoVimento 5 Stelle,http://dati.senato.it/senatore/29069,Lello,Ciampolillo,2018-03-27,2020-02-04,Membro
http://dati.senato.it/gruppo/71,MoVimento 5 Stelle,http://dati.senato.it/senatore/32589,Vittoria Francesca Maria,Bogo Deledda,2018-03-27,2020-03-17,Membro
http://dati.senato.it/gruppo/71,MoVimento 5 Stelle,http://dati.senato.it/senatore/29106,Mario Michele,Giarrusso,2018-03-27,2020-04-23,Membro
http://dati.senato.it/gruppo/71,MoVimento 5 Stelle,http://dati.senato.it/senatore/32616,Gianmauro,Dell'Olio,2018-03-27,2020-06-22,Membro
http://dati.senato.it/gruppo/71,MoVimento 5 Stelle,http://dati.senato.it/senatore/32607,Margherita,Corrado,2018-03-27,2020-06-23,Membro
http://dati.senato.it/gruppo/71,MoVimento 5 Stelle,http://dati.senato.it/senatore/32678,Marinella,Pacifico,2018-03-27,2020-10-20,Membro
http://dati.senato.it/gruppo/71,MoVimento 5 Stelle,http://dati.senato.it/senatore/32623,Tiziana Carmela Rosaria,Drago,2018-03-27,2020-10-26,Membro
http://dati.senato.it/gruppo/71,MoVimento 5 Stelle,http://dati.senato.it/senatore/29070,Andrea,Cioffi,2018-03-27,2020-10-27,Membro
http://dati.senato.it/gruppo/71,MoVimento 5 Stelle,http://dati.senato.it/senatore/32653,Ettore Antonio,Licheri,2018-03-27,2020-10-27,Membro
http://dati.senato.it/gruppo/71,MoVimento 5 Stelle,http://dati.senato.it/senatore/32691,Elisa,Pirro,2018-03-27,2020-10-27,Membro
http://dati.senato.it/gruppo/71,MoVimento 5 Stelle,http://dati.senato.it/senatore/32663,Gianni,Marilotti,2018-03-27,2020-11-10,Membro
http://dati.senato.it/gruppo/71,MoVimento 5 Stelle,http://dati.senato.it/senatore/32631,Gianluca,Ferrara,2018-03-27,2020-11-11,Membro
http://dati.senato.it/gruppo/71,MoVimento 5 Stelle,http://dati.senato.it/senatore/32576,Rosa Silvana,Abate,2018-03-27,2021-02-18,Membro
http://dati.senato.it/gruppo/71,MoVimento 5 Stelle,http://dati.senato.it/senatore/32580,Luisa,Angrisani,2018-03-27,2021-02-18,Membro
http://dati.senato.it/gruppo/71,MoVimento 5 Stelle,http://dati.senato.it/senatore/32609,Mattia,Crucioli,2018-03-27,2021-02-18,Membro
http://dati.senato.it/gruppo/71,MoVimento 5 Stelle,http://dati.senato.it/senatore/32749,Fabio,Di Micco,2018-03-27,2021-02-18,Membro
http://dati.senato.it/gruppo/71,MoVimento 5 Stelle,http://dati.senato.it/senatore/31373,Silvana,Giannuzzi,2018-03-27,2021-02-18,Membro
http://dati.senato.it/gruppo/71,MoVimento 5 Stelle,http://dati.senato.it/senatore/32641,Bianca Laura,Granato,2018-03-27,2021-02-18,Membro
http://dati.senato.it/gruppo/71,MoVimento 5 Stelle,http://dati.senato.it/senatore/32648,Virginia,La Mura,2018-03-27,2021-02-18,Membro
http://dati.senato.it/gruppo/71,MoVimento 5 Stelle,http://dati.senato.it/senatore/17211,Elio,Lannutti,2018-03-27,2021-02-18,Membro
http://dati.senato.it/gruppo/71,MoVimento 5 Stelle,http://dati.senato.it/senatore/29117,Barbara,Lezzi,2018-03-27,2021-02-18,Membro
http://dati.senato.it/gruppo/71,MoVimento 5 Stelle,http://dati.senato.it/senatore/29470,Matteo,Mantero,2018-03-27,2021-02-18,Membro
http://dati.senato.it/gruppo/71,MoVimento 5 Stelle,http://dati.senato.it/senatore/32670,Cataldo,Mininno,2018-03-27,2021-02-18,Membro
http://dati.senato.it/gruppo/71,MoVimento 5 Stelle,http://dati.senato.it/senatore/29143,Nicola,Morra,2018-03-27,2021-02-18,Membro
http://dati.senato.it/gruppo/71,MoVimento 5 Stelle,http://dati.senato.it/senatore/32675,Fabrizio,Ortis,2018-03-27,2021-02-18,Membro
http://dati.senato.it/gruppo/71,MoVimento 5 Stelle,http://dati.senato.it/senatore/32618,Emanuele,Dessi',2018-03-27,2021-02-24,Membro
http://dati.senato.it/gruppo/71,MoVimento 5 Stelle,http://dati.senato.it/senatore/32672,Francesco,Mollame,2018-03-27,2021-03-08,Membro
http://dati.senato.it/gruppo/71,MoVimento 5 Stelle,http://dati.senato.it/senatore/32592,Elena,Botto,2018-03-27,2021-07-28,Membro
http://dati.senato.it/gruppo/71,MoVimento 5 Stelle,http://dati.senato.it/senatore/32638,Agnese,Gallicchio,2018-03-27,2021-11-09,Membro
http://dati.senato.it/gruppo/71,MoVimento 5 Stelle,http://dati.senato.it/senatore/32639,Vincenzo,Garruti,2018-03-27,2021-11-09,Membro
http://dati.senato.it/gruppo/71,MoVimento 5 Stelle,http://dati.senato.it/senatore/32640,Felicia,Gaudiano,2018-03-27,2021-11-09,Membro
http://dati.senato.it/gruppo/71,MoVimento 5 Stelle,http://dati.senato.it/senatore/32662,Maria Laura,Mantovani,2018-03-27,2021-11-09,Membro
http://dati.senato.it/gruppo/71,MoVimento 5 Stelle,http://dati.senato.it/senatore/32725,Fabrizio,Trentacoste,2018-03-27,2021-11-09,Membro
http://dati.senato.it/gruppo/71,MoVimento 5 Stelle,http://dati.senato.it/senatore/32612,Grazia,D'Angelo,2018-03-27,2021-11-16,Membro
http://dati.senato.it/gruppo/71,MoVimento 5 Stelle,http://dati.senato.it/senatore/32684,Marco,Pellegrini,2018-03-27,2021-11-16,Membro
http://dati.senato.it/gruppo/71,MoVimento 5 Stelle,http://dati.senato.it/senatore/32626,Elvira Lucia,Evangelista,2018-03-27,2022-01-18,Membro
http://dati.senato.it/gruppo/71,MoVimento 5 Stelle,http://dati.senato.it/senatore/29161,Vito Rosario,Petrocelli,2018-03-27,2022-05-17,Membro
http://dati.senato.it/gruppo/71,MoVimento 5 Stelle,http://dati.senato.it/senatore/32594,Antonella,Campagna,2018-03-27,2022-06-21,Membro
http://dati.senato.it/gruppo/71,MoVimento 5 Stelle,http://dati.senato.it/senatore/29090,Daniela,Donno,2018-03-27,2022-06-21,Membro
http://dati.senato.it/gruppo/71,MoVimento 5 Stelle,http://dati.senato.it/senatore/32668,Raffaele,Mautone,2018-03-27,2022-06-21,Membro
http://dati.senato.it/gruppo/71,MoVimento 5 Stelle,http://dati.senato.it/senatore/32674,Simona Nunzia,Nocerino,2018-03-27,2022-06-21,Membro
http://dati.senato.it/gruppo/71,MoVimento 5 Stelle,http://dati.senato.it/senatore/32696,Vincenzo,Presutto,2018-03-27,2022-06-21,Membro
http://dati.senato.it/gruppo/71,MoVimento 5 Stelle,http://dati.senato.it/senatore/32709,Loredana,Russo,2018-03-27,2022-06-21,Membro
http://dati.senato.it/gruppo/71,MoVimento 5 Stelle,http://dati.senato.it/senatore/14224,Pierpaolo,Sileri,2018-03-27,2022-06-21,Membro
http://dati.senato.it/gruppo/71,MoVimento 5 Stelle,http://dati.senato.it/senatore/32729,Sergio,Vaccaro,2018-03-27,2022-06-21,Membro
http://dati.senato.it/gruppo/71,MoVimento 5 Stelle,http://dati.senato.it/senatore/32577,Rossella,Accoto,2018-03-27,2022-10-12,Membro
http://dati.senato.it/gruppo/71,MoVimento 5 Stelle,http://dati.senato.it/senatore/29248,Donatella,Agostinelli,2018-03-27,2022-10-12,Membro
http://dati.senato.it/gruppo/71,MoVimento 5 Stelle,http://dati.senato.it/senatore/29034,Alberto,Airola,2018-03-27,2022-10-12,Membro
http://dati.senato.it/gruppo/71,MoVimento 5 Stelle,http://dati.senato.it/senatore/32579,Cristiano,Anastasi,2018-03-27,2022-10-12,Membro
http://dati.senato.it/gruppo/71,MoVimento 5 Stelle,http://dati.senato.it/senatore/32581,Giuseppe,Auddino,2018-03-27,2022-10-12,Membro
http://dati.senato.it/gruppo/71,MoVimento 5 Stelle,http://dati.senato.it/senatore/29053,Laura,Bottici,2018-03-27,2022-10-12,Membro
http://dati.senato.it/gruppo/71,MoVimento 5 Stelle,http://dati.senato.it/senatore/32601,Francesco,Castiello,2018-03-27,2022-10-12,Membro
http://dati.senato.it/gruppo/71,MoVimento 5 Stelle,http://dati.senato.it/senatore/32604,Mauro,Coltorti,2018-03-27,2022-10-12,Membro
http://dati.senato.it/gruppo/71,MoVimento 5 Stelle,http://dati.senato.it/senatore/32606,Gianmarco,Corbetta,2018-03-27,2022-10-12,Membro
http://dati.senato.it/gruppo/71,MoVimento 5 Stelle,http://dati.senato.it/senatore/32608,Marco,Croatti,2018-03-27,2022-10-12,Membro
http://dati.senato.it/gruppo/71,MoVimento 5 Stelle,http://dati.senato.it/senatore/32617,Danila,De Lucia,2018-03-27,2022-10-12,Membro
http://dati.senato.it/gruppo/71,MoVimento 5 Stelle,http://dati.senato.it/senatore/32619,Gabriella,Di Girolamo,2018-03-27,2022-10-12,Membro
http://dati.senato.it/gruppo/71,MoVimento 5 Stelle,http://dati.senato.it/senatore/32622,Stanislao,Di Piazza,2018-03-27,2022-10-12,Membro
http://dati.senato.it/gruppo/71,MoVimento 5 Stelle,http://dati.senato.it/senatore/29091,Giovanni,Endrizzi,2018-03-27,2022-10-12,Membro
http://dati.senato.it/gruppo/71,MoVimento 5 Stelle,http://dati.senato.it/senatore/32629,Giorgio,Fede,2018-03-27,2022-10-12,Membro
http://dati.senato.it/gruppo/71,MoVimento 5 Stelle,http://dati.senato.it/senatore/29108,Gianni Pietro,Girotto,2018-03-27,2022-10-12,Membro
http://dati.senato.it/gruppo/71,MoVimento 5 Stelle,http://dati.senato.it/senatore/32644,Barbara,Guidolin,2018-03-27,2022-10-12,Membro
http://dati.senato.it/gruppo/71,MoVimento 5 Stelle,http://dati.senato.it/senatore/32647,Patty,L'Abbate,2018-03-27,2022-10-12,Membro
http://dati.senato.it/gruppo/71,MoVimento 5 Stelle,http://dati.senato.it/senatore/32665,Gaspare Antonio,Marinello,2018-03-27,2022-10-12,Membro
http://dati.senato.it/gruppo/71,MoVimento 5 Stelle,http://dati.senato.it/senatore/32667,Susy,Matrisciano,2018-03-27,2022-10-12,Membro
http://dati.senato.it/gruppo/71,MoVimento 5 Stelle,http://dati.senato.it/senatore/29140,Michela,Montevecchi,2018-03-27,2022-10-12,Membro
http://dati.senato.it/gruppo/71,MoVimento 5 Stelle,http://dati.senato.it/senatore/32673,Gisella,Naturale,2018-03-27,2022-10-12,Membro
http://dati.senato.it/gruppo/71,MoVimento 5 Stelle,http://dati.senato.it/senatore/32689,Angela Anna Bruna,Piarulli,2018-03-27,2022-10-12,Membro
http://dati.senato.it/gruppo/71,MoVimento 5 Stelle,http://dati.senato.it/senatore/32692,Giuseppe,Pisani,2018-03-27,2022-10-12,Membro
http://dati.senato.it/gruppo/71,MoVimento 5 Stelle,http://dati.senato.it/senatore/32698,Ruggiero,Quarto,2018-03-27,2022-10-12,Membro
http://dati.senato.it/gruppo/71,MoVimento 5 Stelle,http://dati.senato.it/senatore/32701,Sabrina,Ricciardi,2018-03-27,2022-10-12,Membro
http://dati.senato.it/gruppo/71,MoVimento 5 Stelle,http://dati.senato.it/senatore/32704,Sergio,Romagnoli,2018-03-27,2022-10-12,Membro
http://dati.senato.it/gruppo/71,MoVimento 5 Stelle,http://dati.senato.it/senatore/32705,Iunio Valerio,Romano,2018-03-27,2022-10-12,Membro
http://dati.senato.it/gruppo/71,MoVimento 5 Stelle,http://dati.senato.it/senatore/29189,Paola,Taverna,2018-03-27,2022-10-12,Membro
http://dati.senato.it/gruppo/71,MoVimento 5 Stelle,http://dati.senato.it/senatore/32726,Mario,Turco,2018-03-27,2022-10-12,Membro
http://dati.senato.it/gruppo/71,MoVimento 5 Stelle,http://dati.senato.it/senatore/32730,Orietta,Vanin,2018-03-27,2022-10-12,Membro
http://dati.senato.it/gruppo/71,MoVimento 5 Stelle,http://dati.senato.it/senatore/32681,Stefano,Patuanelli,2018-06-06,2019-09-05,Presidente
http://dati.senato.it/gruppo/71,MoVimento 5 Stelle,http://dati.senato.it/senatore/29599,Danilo,Toninelli,2018-06-06,2022-10-12,Membro
http://dati.senato.it/gruppo/71,MoVimento 5 Stelle,http://dati.senato.it/senatore/32634,Barbara,Floridia,2018-07-03,2019-10-16,Segretario
http://dati.senato.it/gruppo/71,MoVimento 5 Stelle,http://dati.senato.it/senatore/32656,Giulia,Lupo,2018-07-03,2019-10-16,Segretario
http://dati.senato.it/gruppo/71,MoVimento 5 Stelle,http://dati.senato.it/senatore/32658,Alessandra,Maiorino,2018-07-03,2019-10-16,Vicepresidente
http://dati.senato.it/gruppo/71,MoVimento 5 Stelle,http://dati.senato.it/senatore/32687,Gianluca,Perilli,2018-07-03,2019-10-16,Vicepresidente Vicario
http://dati.senato.it/gruppo/71,MoVimento 5 Stelle,http://dati.senato.it/senatore/32600,Maria Domenica,Castellone,2018-07-03,2019-10-30,Vicepresidente
http://dati.senato.it/gruppo/71,MoVimento 5 Stelle,http://dati.senato.it/senatore/32621,Primo,Di Nicola,2018-07-03,2019-10-30,Vicepresidente
http://dati.senato.it/gruppo/71,MoVimento 5 Stelle,http://dati.senato.it/senatore/29174,Vincenzo,Santangelo,2018-07-03,2020-10-27,Membro
http://dati.senato.it/gruppo/71,MoVimento 5 Stelle,http://dati.senato.it/senatore/29142,Vilma,Moronese,2018-07-03,2021-02-18,Membro
http://dati.senato.it/gruppo/71,MoVimento 5 Stelle,http://dati.senato.it/senatore/32649,Gabriele,Lanzi,2018-07-03,2021-11-09,Segretario
http://dati.senato.it/gruppo/71,MoVimento 5 Stelle,http://dati.senato.it/senatore/32654,Arnaldo,Lomuti,2018-07-03,2021-11-16,Vicepresidente
http://dati.senato.it/gruppo/71,MoVimento 5 Stelle,http://dati.senato.it/senatore/29065,Gianluca,Castaldi,2018-07-03,2022-10-12,Membro
http://dati.senato.it/gruppo/71,MoVimento 5 Stelle,http://dati.senato.it/senatore/29075,Vito Claudio,Crimi,2018-07-03,2022-10-12,Membro
http://dati.senato.it/gruppo/71,MoVimento 5 Stelle,http://dati.senato.it/senatore/29527,Daniele,Pesco,2018-07-03,2022-10-12,Membro
http://dati.senato.it/gruppo/71,MoVimento 5 Stelle,http://dati.senato.it/senatore/29164,Sergio,Puglia,2018-07-03,2022-10-12,Membro
http://dati.senato.it/gruppo/71,MoVimento 5 Stelle,http://dati.senato.it/senatore/29123,Stefano,Lucidi,2018-09-11,2019-10-16,Tesoriere
http://dati.senato.it/gruppo/71,MoVimento 5 Stelle,http://dati.senato.it/senatore/29066,Nunzia,Catalfo,2018-09-11,2021-11-16,Membro
http://dati.senato.it/gruppo/71,MoVimento 5 Stelle,http://dati.senato.it/senatore/34677,Emma,Pavanelli,2019-08-01,2020-10-27,Membro
http://dati.senato.it/gruppo/71,MoVimento 5 Stelle,http://dati.senato.it/senatore/32681,Stefano,Patuanelli,2019-09-06,2022-10-12,Membro
http://dati.senato.it/gruppo/71,MoVimento 5 Stelle,http://dati.senato.it/senatore/32634,Barbara,Floridia,2019-10-17,2019-10-30,Membro
http://dati.senato.it/gruppo/71,MoVimento 5 Stelle,http://dati.senato.it/senatore/29123,Stefano,Lucidi,2019-10-17,2019-12-11,Membro
http://dati.senato.it/gruppo/71,MoVimento 5 Stelle,http://dati.senato.it/senatore/32700,Alessandra,Riccardi,2019-10-17,2020-05-26,Segretario
http://dati.senato.it/gruppo/71,MoVimento 5 Stelle,http://dati.senato.it/senatore/32630,Emiliano,Fenu,2019-10-17,2020-10-27,Tesoriere
http://dati.senato.it/gruppo/71,MoVimento 5 Stelle,http://dati.senato.it/senatore/32652,Cinzia,Leone,2019-10-17,2020-10-27,Segretario
http://dati.senato.it/gruppo/71,MoVimento 5 Stelle,http://dati.senato.it/senatore/32658,Alessandra,Maiorino,2019-10-17,2020-10-27,Vicepresidente Vicario
http://dati.senato.it/gruppo/71,MoVimento 5 Stelle,http://dati.senato.it/senatore/32687,Gianluca,Perilli,2019-10-17,2020-10-27,Presidente
http://dati.senato.it/gruppo/71,MoVimento 5 Stelle,http://dati.senato.it/senatore/32656,Giulia,Lupo,2019-10-17,2022-10-12,Membro
http://dati.senato.it/gruppo/71,MoVimento 5 Stelle,http://dati.senato.it/senatore/32634,Barbara,Floridia,2019-10-31,2020-06-23,Vicepresidente
http://dati.senato.it/gruppo/71,MoVimento 5 Stelle,http://dati.senato.it/senatore/32600,Maria Domenica,Castellone,2019-10-31,2020-11-11,Membro
http://dati.senato.it/gruppo/71,MoVimento 5 Stelle,http://dati.senato.it/senatore/32655,Pietro,Lorefice,2019-10-31,2020-11-11,Vicepresidente
http://dati.senato.it/gruppo/71,MoVimento 5 Stelle,http://dati.senato.it/senatore/32710,Agostino,Santillo,2019-10-31,2021-11-16,Vicepresidente
http://dati.senato.it/gruppo/71,MoVimento 5 Stelle,http://dati.senato.it/senatore/32621,Primo,Di Nicola,2019-10-31,2022-06-21,Membro
http://dati.senato.it/gruppo/71,MoVimento 5 Stelle,http://dati.senato.it/senatore/32700,Alessandra,Riccardi,2020-05-27,2020-06-22,Membro
http://dati.senato.it/gruppo/71,MoVimento 5 Stelle,http://dati.senato.it/senatore/32616,Gianmauro,Dell'Olio,2020-06-23,2020-10-27,Segretario
http://dati.senato.it/gruppo/71,MoVimento 5 Stelle,http://dati.senato.it/senatore/32607,Margherita,Corrado,2020-06-24,2020-11-11,Vicepresidente
http://dati.senato.it/gruppo/71,MoVimento 5 Stelle,http://dati.senato.it/senatore/32634,Barbara,Floridia,2020-06-24,2022-10-12,Membro
http://dati.senato.it/gruppo/71,MoVimento 5 Stelle,http://dati.senato.it/senatore/29070,Andrea,Cioffi,2020-10-28,2021-11-09,Vicepresidente Vicario
http://dati.senato.it/gruppo/71,MoVimento 5 Stelle,http://dati.senato.it/senatore/32653,Ettore Antonio,Licheri,2020-10-28,2021-11-09,Presidente
http://dati.senato.it/gruppo/71,MoVimento 5 Stelle,http://dati.senato.it/senatore/34677,Emma,Pavanelli,2020-10-28,2021-11-09,Segretario
http://dati.senato.it/gruppo/71,MoVimento 5 Stelle,http://dati.senato.it/senatore/32691,Elisa,Pirro,2020-10-28,2021-11-09,Tesoriere
http://dati.senato.it/gruppo/71,MoVimento 5 Stelle,http://dati.senato.it/senatore/29174,Vincenzo,Santangelo,2020-10-28,2021-11-09,Segretario
http://dati.senato.it/gruppo/71,MoVimento 5 Stelle,http://dati.senato.it/senatore/32652,Cinzia,Leone,2020-10-28,2022-07-13,Membro
http://dati.senato.it/gruppo/71,MoVimento 5 Stelle,http://dati.senato.it/senatore/32616,Gianmauro,Dell'Olio,2020-10-28,2022-10-12,Membro
http://dati.senato.it/gruppo/71,MoVimento 5 Stelle,http://dati.senato.it/senatore/32630,Emiliano,Fenu,2020-10-28,2022-10-12,Membro
http://dati.senato.it/gruppo/71,MoVimento 5 Stelle,http://dati.senato.it/senatore/32658,Alessandra,Maiorino,2020-10-28,2022-10-12,Membro
http://dati.senato.it/gruppo/71,MoVimento 5 Stelle,http://dati.senato.it/senatore/32687,Gianluca,Perilli,2020-10-28,2022-10-12,Membro
http://dati.senato.it/gruppo/71,MoVimento 5 Stelle,http://dati.senato.it/senatore/32607,Margherita,Corrado,2020-11-12,2021-02-18,Membro
http://dati.senato.it/gruppo/71,MoVimento 5 Stelle,http://dati.senato.it/senatore/32600,Maria Domenica,Castellone,2020-11-12,2021-11-09,Vicepresidente
http://dati.senato.it/gruppo/71,MoVimento 5 Stelle,http://dati.senato.it/senatore/32655,Pietro,Lorefice,2020-11-12,2022-06-22,Membro
http://dati.senato.it/gruppo/71,MoVimento 5 Stelle,http://dati.senato.it/senatore/32631,Gianluca,Ferrara,2020-11-12,2022-10-12,Vicepresidente
http://dati.senato.it/gruppo/71,MoVimento 5 Stelle,http://dati.senato.it/senatore/32725,Fabrizio,Trentacoste,2021-11-10,2022-06-21,Segretario
http://dati.senato.it/gruppo/71,MoVimento 5 Stelle,http://dati.senato.it/senatore/32600,Maria Domenica,Castellone,2021-11-10,2022-10-12,Presidente
http://dati.senato.it/gruppo/71,MoVimento 5 Stelle,http://dati.senato.it/senatore/29070,Andrea,Cioffi,2021-11-10,2022-10-12,Membro
http://dati.senato.it/gruppo/71,MoVimento 5 Stelle,http://dati.senato.it/senatore/32638,Agnese,Gallicchio,2021-11-10,2022-10-12,Tesoriere
http://dati.senato.it/gruppo/71,MoVimento 5 Stelle,http://dati.senato.it/senatore/32639,Vincenzo,Garruti,2021-11-10,2022-10-12,Vicepresidente Vicario
http://dati.senato.it/gruppo/71,MoVimento 5 Stelle,http://dati.senato.it/senatore/32640,Felicia,Gaudiano,2021-11-10,2022-10-12,Segretario
http://dati.senato.it/gruppo/71,MoVimento 5 Stelle,http://dati.senato.it/senatore/32649,Gabriele,Lanzi,2021-11-10,2022-10-12,Membro
http://dati.senato.it/gruppo/71,MoVimento 5 Stelle,http://dati.senato.it/senatore/32653,Ettore Antonio,Licheri,2021-11-10,2022-10-12,Membro
http://dati.senato.it/gruppo/71,MoVimento 5 Stelle,http://dati.senato.it/senatore/32662,Maria Laura,Mantovani,2021-11-10,2022-10-12,Segretario
http://dati.senato.it/gruppo/71,MoVimento 5 Stelle,http://dati.senato.it/senatore/34677,Emma,Pavanelli,2021-11-10,2022-10-12,Membro
http://dati.senato.it/gruppo/71,MoVimento 5 Stelle,http://dati.senato.it/senatore/32691,Elisa,Pirro,2021-11-10,2022-10-12,Membro
http://dati.senato.it/gruppo/71,MoVimento 5 Stelle,http://dati.senato.it/senatore/29174,Vincenzo,Santangelo,2021-11-10,2022-10-12,Membro
http://dati.senato.it/gruppo/71,MoVimento 5 Stelle,http://dati.senato.it/senatore/29066,Nunzia,Catalfo,2021-11-17,2022-10-12,Vicepresidente
http://dati.senato.it/gruppo/71,MoVimento 5 Stelle,http://dati.senato.it/senatore/32612,Grazia,D'Angelo,2021-11-17,2022-10-12,Vicepresidente
http://dati.senato.it/gruppo/71,MoVimento 5 Stelle,http://dati.senato.it/senatore/32654,Arnaldo,Lomuti,2021-11-17,2022-10-12,Membro
http://dati.senato.it/gruppo/71,MoVimento 5 Stelle,http://dati.senato.it/senatore/32684,Marco,Pellegrini,2021-11-17,2022-10-12,Vicepresidente
http://dati.senato.it/gruppo/71,MoVimento 5 Stelle,http://dati.senato.it/senatore/32710,Agostino,Santillo,2021-11-17,2022-10-12,Membro
http://dati.senato.it/gruppo/71,MoVimento 5 Stelle,http://dati.senato.it/senatore/32655,Pietro,Lorefice,2022-06-23,2022-10-12,Segretario
http://dati.senato.it/gruppo/71,MoVimento 5 Stelle,http://dati.senato.it/senatore/32749,Fabio,Di Micco,2022-07-18,2022-10-12,Membro
http://dati.senato.it/gruppo/85,Fratelli d'Italia,http://dati.senato.it/senatore/32657,Lara,Magoni,2018-03-27,2018-07-10,Membro
http://dati.senato.it/gruppo/85,Fratelli d'Italia,http://dati.senato.it/senatore/31009,Stefano,Bertacco,2018-03-27,2018-07-18,Presidente
http://dati.senato.it/gruppo/85,Fratelli d'Italia,http://dati.senato.it/senatore/32603,Luca,Ciriani,2018-03-27,2018-07-18,Membro
http://dati.senato.it/gruppo/85,Fratelli d'Italia,http://dati.senato.it/senatore/32699,Isabella,Rauti,2018-03-27,2018-07-18,Membro
http://dati.senato.it/gruppo/85,Fratelli d'Italia,http://dati.senato.it/senatore/25468,Marco,Marsilio,2018-03-27,2019-03-19,Membro
http://dati.senato.it/gruppo/85,Fratelli d'Italia,http://dati.senato.it/senatore/25269,Raffaele,Stancanelli,2018-03-27,2019-07-01,Membro
http://dati.senato.it/gruppo/85,Fratelli d'Italia,http://dati.senato.it/senatore/17542,Alberto,Balboni,2018-03-27,2022-10-12,Membro
http://dati.senato.it/gruppo/85,Fratelli d'Italia,http://dati.senato.it/senatore/32613,Andrea,de Bertoldi,2018-03-27,2022-10-12,Membro
http://dati.senato.it/gruppo/85,Fratelli d'Italia,http://dati.senato.it/senatore/32628,Giovanbattista,Fazzolari,2018-03-27,2022-10-12,Membro
http://dati.senato.it/gruppo/85,Fratelli d'Italia,http://dati.senato.it/senatore/18121,Daniela,Garnero Santanche',2018-03-27,2022-10-12,Membro
http://dati.senato.it/gruppo/85,Fratelli d'Italia,http://dati.senato.it/senatore/32645,Antonio,Iannone,2018-03-27,2022-10-12,Membro
http://dati.senato.it/gruppo/85,Fratelli d'Italia,http://dati.senato.it/senatore/32650,Patrizio Giacomo,La Pietra,2018-03-27,2022-10-12,Membro
http://dati.senato.it/gruppo/85,Fratelli d'Italia,http://dati.senato.it/senatore/1275,Ignazio,La Russa,2018-03-27,2022-10-12,Membro
http://dati.senato.it/gruppo/85,Fratelli d'Italia,http://dati.senato.it/senatore/25446,Gaetano,Nastri,2018-03-27,2022-10-12,Membro
http://dati.senato.it/gruppo/85,Fratelli d'Italia,http://dati.senato.it/senatore/32708,Massimo,Ruspandini,2018-03-27,2022-10-12,Membro
http://dati.senato.it/gruppo/85,Fratelli d'Italia,http://dati.senato.it/senatore/22784,Achille,Totaro,2018-03-27,2022-10-12,Membro
http://dati.senato.it/gruppo/85,Fratelli d'Italia,http://dati.senato.it/senatore/2444,Adolfo,Urso,2018-03-27,2022-10-12,Membro
http://dati.senato.it/gruppo/85,Fratelli d'Italia,http://dati.senato.it/senatore/32732,Francesco,Zaffini,2018-03-27,2022-10-12,Membro
http://dati.senato.it/gruppo/85,Fratelli d'Italia,http://dati.senato.it/senatore/33946,Gianpietro,Maffoni,2018-07-12,2022-10-12,Membro
http://dati.senato.it/gruppo/85,Fratelli d'Italia,http://dati.senato.it/senatore/31009,Stefano,Bertacco,2018-07-18,2020-06-14,Membro
http://dati.senato.it/gruppo/85,Fratelli d'Italia,http://dati.senato.it/senatore/32603,Luca,Ciriani,2018-07-18,2022-10-12,Presidente
http://dati.senato.it/gruppo/85,Fratelli d'Italia,http://dati.senato.it/senatore/32699,Isabella,Rauti,2018-07-18,2022-10-12,Vicepresidente Vicario
http://dati.senato.it/gruppo/85,Fratelli d'Italia,http://dati.senato.it/senatore/34485,Nicola,Calandrini,2019-03-20,2022-10-12,Membro
http://dati.senato.it/gruppo/85,Fratelli d'Italia,http://dati.senato.it/senatore/25429,Giovanna,Petrenga,2019-07-02,2022-10-12,Membro
http://dati.senato.it/gruppo/85,Fratelli d'Italia,http://dati.senato.it/senatore/32898,Luca,De Carlo,2020-10-05,2022-10-12,Membro
http://dati.senato.it/gruppo/85,Fratelli d'Italia,http://dati.senato.it/senatore/25565,Claudio,Barbaro,2020-12-09,2022-10-12,Membro
http://dati.senato.it/gruppo/85,Fratelli d'Italia,http://dati.senato.it/senatore/32623,Tiziana Carmela Rosaria,Drago,2021-03-18,2022-10-12,Membro
http://dati.senato.it/gruppo/85,Fratelli d'Italia,http://dati.senato.it/senatore/1407,Lucio,Malan,2021-07-19,2022-10-12,Membro
http://dati.senato.it/gruppo/86,Italia Viva-P.S.I.,http://dati.senato.it/senatore/29288,Francesco,Bonifazi,2019-09-18,2019-09-25,Membro
http://dati.senato.it/gruppo/86,Italia Viva-P.S.I.,http://dati.senato.it/senatore/29395,Davide,Faraone,2019-09-18,2019-09-25,Membro
http://dati.senato.it/gruppo/86,Italia Viva-P.S.I.,http://dati.senato.it/senatore/25498,Laura,Garavini,2019-09-18,2019-09-25,Membro
http://dati.senato.it/gruppo/86,Italia Viva-P.S.I.,http://dati.senato.it/senatore/1686,Riccardo,Nencini,2019-09-18,2019-09-25,Membro
http://dati.senato.it/gruppo/86,Italia Viva-P.S.I.,http://dati.senato.it/senatore/25402,Daniela,Sbrollini,2019-09-18,2019-09-25,Membro
http://dati.senato.it/gruppo/86,Italia Viva-P.S.I.,http://dati.senato.it/senatore/29076,Giuseppe Luigi Salvatore,Cucca,2019-09-18,2020-11-08,Membro
http://dati.senato.it/gruppo/86,Italia Viva-P.S.I.,http://dati.senato.it/senatore/32746,Eugenio,Comincini,2019-09-18,2021-03-21,Membro
http://dati.senato.it/gruppo/86,Italia Viva-P.S.I.,http://dati.senato.it/senatore/32719,Valeria,Sudano,2019-09-18,2021-08-05,Membro
http://dati.senato.it/gruppo/86,Italia Viva-P.S.I.,http://dati.senato.it/senatore/32643,Leonardo,Grimani,2019-09-18,2021-12-04,Membro
http://dati.senato.it/gruppo/86,Italia Viva-P.S.I.,http://dati.senato.it/senatore/22865,Teresa,Bellanova,2019-09-18,2022-10-12,Membro
http://dati.senato.it/gruppo/86,Italia Viva-P.S.I.,http://dati.senato.it/senatore/32605,Donatella,Conzatti,2019-09-18,2022-10-12,Membro
http://dati.senato.it/gruppo/86,Italia Viva-P.S.I.,http://dati.senato.it/senatore/29107,Nadia,Ginetti,2019-09-18,2022-10-12,Membro
http://dati.senato.it/gruppo/86,Italia Viva-P.S.I.,http://dati.senato.it/senatore/29464,Ernesto,Magorno,2019-09-18,2022-10-12,Membro
http://dati.senato.it/gruppo/86,Italia Viva-P.S.I.,http://dati.senato.it/senatore/21507,Mauro Maria,Marino,2019-09-18,2022-10-12,Membro
http://dati.senato.it/gruppo/86,Italia Viva-P.S.I.,http://dati.senato.it/senatore/30742,Matteo,Renzi,2019-09-18,2022-10-12,Membro
http://dati.senato.it/gruppo/86,Italia Viva-P.S.I.,http://dati.senato.it/senatore/1686,Riccardo,Nencini,2019-09-25,2020-11-08,Vicepresidente
http://dati.senato.it/gruppo/86,Italia Viva-P.S.I.,http://dati.senato.it/senatore/32731,Gelsomina,Vono,2019-09-25,2022-01-18,Membro
http://dati.senato.it/gruppo/86,Italia Viva-P.S.I.,http://dati.senato.it/senatore/29288,Francesco,Bonifazi,2019-09-25,2022-10-12,Tesoriere
http://dati.senato.it/gruppo/86,Italia Viva-P.S.I.,http://dati.senato.it/senatore/29395,Davide,Faraone,2019-09-25,2022-10-12,Presidente
http://dati.senato.it/gruppo/86,Italia Viva-P.S.I.,http://dati.senato.it/senatore/25498,Laura,Garavini,2019-09-25,2022-10-12,Vicepresidente Vicario
http://dati.senato.it/gruppo/86,Italia Viva-P.S.I.,http://dati.senato.it/senatore/25402,Daniela,Sbrollini,2019-09-25,2022-10-12,Segretario d'Aula
http://dati.senato.it/gruppo/86,Italia Viva-P.S.I.,http://dati.senato.it/senatore/29157,Annamaria,Parente,2019-10-07,2022-10-12,Membro
http://dati.senato.it/gruppo/86,Italia Viva-P.S.I.,http://dati.senato.it/senatore/32744,Vincenzo,Carbone,2020-07-01,2022-10-12,Membro
http://dati.senato.it/gruppo/86,Italia Viva-P.S.I.,http://dati.senato.it/senatore/29076,Giuseppe Luigi Salvatore,Cucca,2020-11-09,2022-10-12,Vicepresidente
http://dati.senato.it/gruppo/86,Italia Viva-P.S.I.,http://dati.senato.it/senatore/1686,Riccardo,Nencini,2020-11-09,2022-10-12,Membro
http://dati.senato.it/gruppo/86,Italia Viva-P.S.I.,http://dati.senato.it/senatore/32626,Elvira Lucia,Evangelista,2022-01-19,2022-10-12,Membro
http://dati.senato.it/gruppo/87,Europeisti-MAIE-Centro Democratico,http://dati.senato.it/senatore/29055,Maurizio,Buccarella,2021-01-26,2021-02-24,Membro
http://dati.senato.it/gruppo/87,Europeisti-MAIE-Centro Democratico,http://dati.senato.it/senatore/32614,Saverio,De Bonis,2021-01-26,2021-02-24,Membro
http://dati.senato.it/gruppo/87,Europeisti-MAIE-Centro Democratico,http://dati.senato.it/senatore/32615,Gregorio,De Falco,2021-01-26,2021-02-24,Membro
http://dati.senato.it/gruppo/87,Europeisti-MAIE-Centro Democratico,http://dati.senato.it/senatore/32745,Adriano,Cario,2021-01-26,2021-03-28,Membro
http://dati.senato.it/gruppo/87,Europeisti-MAIE-Centro Democratico,http://dati.senato.it/senatore/23007,Ricardo Antonio,Merlo,2021-01-26,2021-03-28,Membro
http://dati.senato.it/gruppo/87,Europeisti-MAIE-Centro Democratico,http://dati.senato.it/senatore/29329,Andrea,Causin,2021-01-26,2021-03-29,Vicepresidente
http://dati.senato.it/gruppo/87,Europeisti-MAIE-Centro Democratico,http://dati.senato.it/senatore/27476,Raffaele,Fantetti,2021-01-26,2021-03-29,Presidente
http://dati.senato.it/gruppo/87,Europeisti-MAIE-Centro Democratico,http://dati.senato.it/senatore/32663,Gianni,Marilotti,2021-01-26,2021-03-29,Membro
http://dati.senato.it/gruppo/87,Europeisti-MAIE-Centro Democratico,http://dati.senato.it/senatore/32703,Tatjana,Rojc,2021-01-26,2021-03-29,Membro
http://dati.senato.it/gruppo/87,Europeisti-MAIE-Centro Democratico,http://dati.senato.it/senatore/25412,Mariarosaria,Rossi,2021-01-26,2021-03-29,Membro
http://dati.senato.it/gruppo/87,Europeisti-MAIE-Centro Democratico,http://dati.senato.it/senatore/29055,Maurizio,Buccarella,2021-02-25,2021-03-29,Tesoriere
http://dati.senato.it/gruppo/87,Europeisti-MAIE-Centro Democratico,http://dati.senato.it/senatore/32614,Saverio,De Bonis,2021-02-25,2021-03-29,Vicepresidente
http://dati.senato.it/gruppo/87,Europeisti-MAIE-Centro Democratico,http://dati.senato.it/senatore/32615,Gregorio,De Falco,2021-02-25,2021-03-29,Vicepresidente
http://dati.senato.it/gruppo/89,"C.A.L. (Costituzione, Ambiente, Lavoro)-Pc-Idv",http://dati.senato.it/senatore/32580,Luisa,Angrisani,2022-04-27,2022-05-08,Membro
http://dati.senato.it/gruppo/89,"C.A.L. (Costituzione, Ambiente, Lavoro)-Pc-Idv",http://dati.senato.it/senatore/32609,Mattia,Crucioli,2022-04-27,2022-05-08,Membro
http://dati.senato.it/gruppo/89,"C.A.L. (Costituzione, Ambiente, Lavoro)-Pc-Idv",http://dati.senato.it/senatore/32641,Bianca Laura,Granato,2022-04-27,2022-05-08,Membro
http://dati.senato.it/gruppo/89,"C.A.L. (Costituzione, Ambiente, Lavoro)-Pc-Idv",http://dati.senato.it/senatore/32713,Rosellina,Sbrana,2022-04-27,2022-05-08,Membro
http://dati.senato.it/gruppo/89,"C.A.L. (Costituzione, Ambiente, Lavoro)-Pc-Idv",http://dati.senato.it/senatore/32576,Rosa Silvana,Abate,2022-04-27,2022-10-12,Membro
http://dati.senato.it/gruppo/89,"C.A.L. (Costituzione, Ambiente, Lavoro)-Pc-Idv",http://dati.senato.it/senatore/32607,Margherita,Corrado,2022-04-27,2022-10-12,Membro
http://dati.senato.it/gruppo/89,"C.A.L. (Costituzione, Ambiente, Lavoro)-Pc-Idv",http://dati.senato.it/senatore/32618,Emanuele,Dessi',2022-04-27,2022-10-12,Membro
http://dati.senato.it/gruppo/89,"C.A.L. (Costituzione, Ambiente, Lavoro)-Pc-Idv",http://dati.senato.it/senatore/32648,Virginia,La Mura,2022-04-27,2022-10-12,Membro
http://dati.senato.it/gruppo/89,"C.A.L. (Costituzione, Ambiente, Lavoro)-Pc-Idv",http://dati.senato.it/senatore/17211,Elio,Lannutti,2022-04-27,2022-10-12,Membro
http://dati.senato.it/gruppo/89,"C.A.L. (Costituzione, Ambiente, Lavoro)-Pc-Idv",http://dati.senato.it/senatore/29117,Barbara,Lezzi,2022-04-27,2022-10-12,Membro
http://dati.senato.it/gruppo/89,"C.A.L. (Costituzione, Ambiente, Lavoro)-Pc-Idv",http://dati.senato.it/senatore/32670,Cataldo,Mininno,2022-05-03,2022-05-08,Membro
http://dati.senato.it/gruppo/89,"C.A.L. (Costituzione, Ambiente, Lavoro)-Pc-Idv",http://dati.senato.it/senatore/31373,Silvana,Giannuzzi,2022-05-03,2022-10-12,Membro
http://dati.senato.it/gruppo/89,"C.A.L. (Costituzione, Ambiente, Lavoro)-Alternativa-P.C.-I.d.V.",http://dati.senato.it/senatore/32580,Luisa,Angrisani,2022-05-09,2022-10-12,Segretario
http://dati.senato.it/gruppo/89,"C.A.L. (Costituzione, Ambiente, Lavoro)-Alternativa-P.C.-I.d.V.",http://dati.senato.it/senatore/32609,Mattia,Crucioli,2022-05-09,2022-10-12,Presidente
http://dati.senato.it/gruppo/89,"C.A.L. (Costituzione, Ambiente, Lavoro)-Alternativa-P.C.-I.d.V.",http://dati.senato.it/senatore/32641,Bianca Laura,Granato,2022-05-09,2022-10-12,Vicepresidente
http://dati.senato.it/gruppo/89,"C.A.L. (Costituzione, Ambiente, Lavoro)-Alternativa-P.C.-I.d.V.",http://dati.senato.it/senatore/32670,Cataldo,Mininno,2022-05-09,2022-10-12,Tesoriere
http://dati.senato.it/gruppo/89,"C.A.L. (Costituzione, Ambiente, Lavoro)-Alternativa-P.C.-I.d.V.",http://dati.senato.it/senatore/32713,Rosellina,Sbrana,2022-05-09,2022-10-12,Segretario
http://dati.senato.it/gruppo/89,"C.A.L. (Costituzione, Ambiente, Lavoro)-Alternativa-P.C.-I.d.V.",http://dati.senato.it/senatore/29161,Vito Rosario,Petrocelli,2022-05-18,2022-10-12,Membro
http://dati.senato.it/gruppo/9,Misto,http://dati.senato.it/senatore/321,Emma,Bonino,2018-03-27,2019-01-10,Membro
http://dati.senato.it/gruppo/9,Misto,http://dati.senato.it/senatore/1686,Riccardo,Nencini,2018-03-27,2019-09-17,Vicepresidente
http://dati.senato.it/gruppo/9,Misto,http://dati.senato.it/senatore/29055,Maurizio,Buccarella,2018-03-27,2021-01-25,Vicepresidente
http://dati.senato.it/gruppo/9,Misto,http://dati.senato.it/senatore/32745,Adriano,Cario,2018-03-27,2021-01-25,Membro
http://dati.senato.it/gruppo/9,Misto,http://dati.senato.it/senatore/23007,Ricardo Antonio,Merlo,2018-03-27,2021-01-25,Membro
http://dati.senato.it/gruppo/9,Misto,http://dati.senato.it/senatore/17578,Loredana,De Petris,2018-03-27,2022-10-12,Presidente
http://dati.senato.it/gruppo/9,Misto,http://dati.senato.it/senatore/32625,Vasco,Errani,2018-03-27,2022-10-12,Membro
http://dati.senato.it/gruppo/9,Misto,http://dati.senato.it/senatore/29110,Pietro,Grasso,2018-03-27,2022-10-12,Membro
http://dati.senato.it/gruppo/9,Misto,http://dati.senato.it/senatore/29450,Francesco,Laforgia,2018-03-27,2022-10-12,Membro
http://dati.senato.it/gruppo/9,Misto,http://dati.senato.it/senatore/29130,Carlo,Martelli,2018-03-27,2022-10-12,Membro
http://dati.senato.it/gruppo/9,Misto,http://dati.senato.it/senatore/28543,Mario,Monti,2018-03-27,2022-10-12,Membro
http://dati.senato.it/gruppo/9,Misto,http://dati.senato.it/senatore/32435,Liliana,Segre,2018-03-27,2022-10-12,Membro
http://dati.senato.it/gruppo/9,Misto,http://dati.senato.it/senatore/32614,Saverio,De Bonis,2019-01-04,2021-01-25,Membro
http://dati.senato.it/gruppo/9,Misto,http://dati.senato.it/senatore/32615,Gregorio,De Falco,2019-01-04,2021-01-25,Membro
http://dati.senato.it/gruppo/9,Misto,http://dati.senato.it/senatore/321,Emma,Bonino,2019-01-11,2022-10-12,Tesoriere
http://dati.senato.it/gruppo/9,Misto,http://dati.senato.it/senatore/29147,Paola,Nugnes,2019-06-29,2022-10-12,Membro
http://dati.senato.it/gruppo/9,Misto,http://dati.senato.it/senatore/29555,Matteo,Richetti,2019-09-11,2022-10-12,Membro
http://dati.senato.it/gruppo/9,Misto,http://dati.senato.it/senatore/29093,Elena,Fattori,2019-11-06,2022-10-12,Membro
http://dati.senato.it/gruppo/9,Misto,http://dati.senato.it/senatore/32680,Gianluigi,Paragone,2020-01-04,2022-10-12,Membro
http://dati.senato.it/gruppo/9,Misto,http://dati.senato.it/senatore/32620,Luigi,Di Marzio,2020-01-16,2022-10-12,Membro
http://dati.senato.it/gruppo/9,Misto,http://dati.senato.it/senatore/29069,Lello,Ciampolillo,2020-02-05,2022-10-12,Membro
http://dati.senato.it/gruppo/9,Misto,http://dati.senato.it/senatore/32602,Tommaso,Cerno,2020-02-26,2021-01-18,Membro
http://dati.senato.it/gruppo/9,Misto,http://dati.senato.it/senatore/35106,Sandro,Ruotolo,2020-03-05,2022-10-12,Membro
http://dati.senato.it/gruppo/9,Misto,http://dati.senato.it/senatore/29106,Mario Michele,Giarrusso,2020-04-24,2022-10-12,Membro
http://dati.senato.it/gruppo/9,Misto,http://dati.senato.it/senatore/32587,Massimo Vittorio,Berutti,2020-07-22,2022-10-12,Membro
http://dati.senato.it/gruppo/9,Misto,http://dati.senato.it/senatore/18715,Gaetano,Quagliariello,2020-07-22,2022-10-12,Membro
http://dati.senato.it/gruppo/9,Misto,http://dati.senato.it/senatore/2064,Paolo,Romani,2020-07-22,2022-10-12,Membro
http://dati.senato.it/gruppo/9,Misto,http://dati.senato.it/senatore/4741,Alessandrina,Lonardo,2020-07-29,2022-10-12,Membro
http://dati.senato.it/gruppo/9,Misto,http://dati.senato.it/senatore/27476,Raffaele,Fantetti,2020-10-12,2021-01-25,Membro
http://dati.senato.it/gruppo/9,Misto,http://dati.senato.it/senatore/25565,Claudio,Barbaro,2020-10-13,2020-12-08,Membro
http://dati.senato.it/gruppo/9,Misto,http://dati.senato.it/senatore/32678,Marinella,Pacifico,2020-10-21,2022-10-12,Membro
http://dati.senato.it/gruppo/9,Misto,http://dati.senato.it/senatore/32623,Tiziana Carmela Rosaria,Drago,2020-10-27,2021-03-17,Membro
http://dati.senato.it/gruppo/9,Misto,http://dati.senato.it/senatore/32663,Gianni,Marilotti,2020-11-11,2020-11-11,Membro
http://dati.senato.it/gruppo/9,Misto,http://dati.senato.it/senatore/32576,Rosa Silvana,Abate,2021-02-19,2022-01-26,Membro
http://dati.senato.it/gruppo/9,Misto,http://dati.senato.it/senatore/32580,Luisa,Angrisani,2021-02-19,2022-01-26,Membro
http://dati.senato.it/gruppo/9,Misto,http://dati.senato.it/senatore/32607,Margherita,Corrado,2021-02-19,2022-01-26,Membro
http://dati.senato.it/gruppo/9,Misto,http://dati.senato.it/senatore/32609,Mattia,Crucioli,2021-02-19,2022-01-26,Membro
http://dati.senato.it/gruppo/9,Misto,http://dati.senato.it/senatore/32749,Fabio,Di Micco,2021-02-19,2022-01-26,Membro
http://dati.senato.it/gruppo/9,Misto,http://dati.senato.it/senatore/32641,Bianca Laura,Granato,2021-02-19,2022-01-26,Membro
http://dati.senato.it/gruppo/9,Misto,http://dati.senato.it/senatore/17211,Elio,Lannutti,2021-02-19,2022-01-26,Membro
http://dati.senato.it/gruppo/9,Misto,http://dati.senato.it/senatore/29117,Barbara,Lezzi,2021-02-19,2022-01-26,Membro
http://dati.senato.it/gruppo/9,Misto,http://dati.senato.it/senatore/32670,Cataldo,Mininno,2021-02-19,2022-01-26,Membro
http://dati.senato.it/gruppo/9,Misto,http://dati.senato.it/senatore/32648,Virginia,La Mura,2021-02-19,2022-04-26,Membro
http://dati.senato.it/gruppo/9,Misto,http://dati.senato.it/senatore/31373,Silvana,Giannuzzi,2021-02-19,2022-05-02,Membro
http://dati.senato.it/gruppo/9,Misto,http://dati.senato.it/senatore/29470,Matteo,Mantero,2021-02-19,2022-10-12,Membro
http://dati.senato.it/gruppo/9,Misto,http://dati.senato.it/senatore/29142,Vilma,Moronese,2021-02-19,2022-10-12,Membro
http://dati.senato.it/gruppo/9,Misto,http://dati.senato.it/senatore/29143,Nicola,Morra,2021-02-19,2022-10-12,Membro
http://dati.senato.it/gruppo/9,Misto,http://dati.senato.it/senatore/32675,Fabrizio,Ortis,2021-02-19,2022-10-12,Membro
http://dati.senato.it/gruppo/9,Misto,http://dati.senato.it/senatore/32618,Emanuele,Dessi',2021-02-25,2022-04-26,Membro
http://dati.senato.it/gruppo/9,Misto,http://dati.senato.it/senatore/32672,Francesco,Mollame,2021-03-09,2021-04-13,Membro
http://dati.senato.it/gruppo/9,Misto,http://dati.senato.it/senatore/32745,Adriano,Cario,2021-03-29,2021-12-02,Membro
http://dati.senato.it/gruppo/9,Misto,http://dati.senato.it/senatore/23007,Ricardo Antonio,Merlo,2021-03-29,2022-10-12,Membro
http://dati.senato.it/gruppo/9,Misto,http://dati.senato.it/senatore/32663,Gianni,Marilotti,2021-03-30,2021-04-14,Membro
http://dati.senato.it/gruppo/9,Misto,http://dati.senato.it/senatore/32614,Saverio,De Bonis,2021-03-30,2022-01-18,Membro
http://dati.senato.it/gruppo/9,Misto,http://dati.senato.it/senatore/29055,Maurizio,Buccarella,2021-03-30,2022-10-12,Membro
http://dati.senato.it/gruppo/9,Misto,http://dati.senato.it/senatore/29329,Andrea,Causin,2021-03-30,2022-10-12,Membro
http://dati.senato.it/gruppo/9,Misto,http://dati.senato.it/senatore/32615,Gregorio,De Falco,2021-03-30,2022-10-12,Membro
http://dati.senato.it/gruppo/9,Misto,http://dati.senato.it/senatore/27476,Raffaele,Fantetti,2021-03-30,2022-10-12,Membro
http://dati.senato.it/gruppo/9,Misto,http://dati.senato.it/senatore/25412,Mariarosaria,Rossi,2021-03-30,2022-10-12,Membro
http://dati.senato.it/gruppo/9,Misto,http://dati.senato.it/senatore/19777,Sandro Mario,Biasotti,2021-05-28,2022-10-12,Membro
http://dati.senato.it/gruppo/9,Misto,http://dati.senato.it/senatore/32592,Elena,Botto,2021-07-29,2022-10-12,Membro
http://dati.senato.it/gruppo/9,Misto,http://dati.senato.it/senatore/32713,Rosellina,Sbrana,2021-11-18,2022-01-26,Membro
http://dati.senato.it/gruppo/9,Misto,http://dati.senato.it/senatore/32643,Leonardo,Grimani,2021-12-05,2022-10-12,Membro
http://dati.senato.it/gruppo/9,Misto,http://dati.senato.it/senatore/32576,Rosa Silvana,Abate,2022-01-28,2022-04-26,Membro
http://dati.senato.it/gruppo/9,Misto,http://dati.senato.it/senatore/32580,Luisa,Angrisani,2022-01-28,2022-04-26,Membro
http://dati.senato.it/gruppo/9,Misto,http://dati.senato.it/senatore/32607,Margherita,Corrado,2022-01-28,2022-04-26,Membro
http://dati.senato.it/gruppo/9,Misto,http://dati.senato.it/senatore/32609,Mattia,Crucioli,2022-01-28,2022-04-26,Membro
http://dati.senato.it/gruppo/9,Misto,http://dati.senato.it/senatore/32641,Bianca Laura,Granato,2022-01-28,2022-04-26,Membro
http://dati.senato.it/gruppo/9,Misto,http://dati.senato.it/senatore/17211,Elio,Lannutti,2022-01-28,2022-04-26,Membro
http://dati.senato.it/gruppo/9,Misto,http://dati.senato.it/senatore/29117,Barbara,Lezzi,2022-01-28,2022-04-26,Membro
http://dati.senato.it/gruppo/9,Misto,http://dati.senato.it/senatore/32713,Rosellina,Sbrana,2022-01-28,2022-04-26,Membro
http://dati.senato.it/gruppo/9,Misto,http://dati.senato.it/senatore/32670,Cataldo,Mininno,2022-01-28,2022-05-02,Membro
http://dati.senato.it/gruppo/9,Misto,http://dati.senato.it/senatore/32749,Fabio,Di Micco,2022-01-28,2022-07-17,Membro
http://dati.senato.it/gruppo/9,Misto,http://dati.senato.it/senatore/32666,Barbara,Masini,2022-02-02,2022-10-12,Membro
http://dati.senato.it/gruppo/9,Misto,http://dati.senato.it/senatore/32748,William,De Vecchis,2022-02-17,2022-10-12,Membro
http://dati.senato.it/gruppo/9,Misto,http://dati.senato.it/senatore/32672,Francesco,Mollame,2022-05-06,2022-10-12,Membro
http://dati.senato.it/gruppo/9,Misto,http://dati.senato.it/senatore/32642,Ugo,Grassi,2022-05-18,2022-10-12,Membro
http://dati.senato.it/gruppo/9,Misto,http://dati.senato.it/senatore/32594,Antonella,Campagna,2022-06-22,2022-06-28,Membro
http://dati.senato.it/gruppo/9,Misto,http://dati.senato.it/senatore/32621,Primo,Di Nicola,2022-06-22,2022-06-28,Membro
http://dati.senato.it/gruppo/9,Misto,http://dati.senato.it/senatore/29090,Daniela,Donno,2022-06-22,2022-06-28,Membro
http://dati.senato.it/gruppo/9,Misto,http://dati.senato.it/senatore/32668,Raffaele,Mautone,2022-06-22,2022-06-28,Membro
http://dati.senato.it/gruppo/9,Misto,http://dati.senato.it/senatore/32674,Simona Nunzia,Nocerino,2022-06-22,2022-06-28,Membro
http://dati.senato.it/gruppo/9,Misto,http://dati.senato.it/senatore/32696,Vincenzo,Presutto,2022-06-22,2022-06-28,Membro
http://dati.senato.it/gruppo/9,Misto,http://dati.senato.it/senatore/32709,Loredana,Russo,2022-06-22,2022-06-28,Membro
http://dati.senato.it/gruppo/9,Misto,http://dati.senato.it/senatore/14224,Pierpaolo,Sileri,2022-06-22,2022-06-28,Membro
http://dati.senato.it/gruppo/9,Misto,http://dati.senato.it/senatore/32725,Fabrizio,Trentacoste,2022-06-22,2022-06-28,Membro
http://dati.senato.it/gruppo/9,Misto,http://dati.senato.it/senatore/32729,Sergio,Vaccaro,2022-06-22,2022-06-28,Membro
http://dati.senato.it/gruppo/9,Misto,http://dati.senato.it/senatore/32597,Andrea,Cangini,2022-07-21,2022-10-12,Membro
http://dati.senato.it/gruppo/9,Misto,http://dati.senato.it/senatore/4373,Luigi,Cesaro,2022-08-30,2022-10-12,Membro
http://dati.senato.it/gruppo/9,Misto,http://dati.senato.it/senatore/27874,Domenico,De Siano,2022-08-30,2022-10-12,Membro
http://dati.senato.it/gruppo/9,Misto,http://dati.senato.it/senatore/4522,Gianni,Pittella,2022-09-07,2022-10-12,Membro
http://dati.senato.it/gruppo/90,Insieme per il futuro - Centro Democratico,http://dati.senato.it/senatore/32594,Antonella,Campagna,2022-06-29,2022-10-12,Vicepresidente
http://dati.senato.it/gruppo/90,Insieme per il futuro - Centro Democratico,http://dati.senato.it/senatore/32621,Primo,Di Nicola,2022-06-29,2022-10-12,Presidente
http://dati.senato.it/gruppo/90,Insieme per il futuro - Centro Democratico,http://dati.senato.it/senatore/29090,Daniela,Donno,2022-06-29,2022-10-12,Vicepresidente
http://dati.senato.it/gruppo/90,Insieme per il futuro - Centro Democratico,http://dati.senato.it/senatore/32668,Raffaele,Mautone,2022-06-29,2022-10-12,Vicepresidente
http://dati.senato.it/gruppo/90,Insieme per il futuro - Centro Democratico,http://dati.senato.it/senatore/32674,Simona Nunzia,Nocerino,2022-06-29,2022-10-12,Vicepresidente
http://dati.senato.it/gruppo/90,Insieme per il futuro - Centro Democratico,http://dati.senato.it/senatore/32696,Vincenzo,Presutto,2022-06-29,2022-10-12,Vicepresidente Vicario
http://dati.senato.it/gruppo/90,Insieme per il futuro - Centro Democratico,http://dati.senato.it/senatore/32709,Loredana,Russo,2022-06-29,2022-10-12,Membro
http://dati.senato.it/gruppo/90,Insieme per il futuro - Centro Democratico,http://dati.senato.it/senatore/14224,Pierpaolo,Sileri,2022-06-29,2022-10-12,Membro
http://dati.senato.it/gruppo/90,Insieme per il futuro - Centro Democratico,http://dati.senato.it/senatore/32725,Fabrizio,Trentacoste,2022-06-29,2022-10-12,Segretario
http://dati.senato.it/gruppo/90,Insieme per il futuro - Centro Democratico,http://dati.senato.it/senatore/32729,Sergio,Vaccaro,2022-06-29,2022-10-12,Tesoriere
http://dati.senato.it/gruppo/90,Insieme per il futuro - Centro Democratico,http://dati.senato.it/senatore/32652,Cinzia,Leone,2022-07-14,2022-10-12,Membro
